ｻﾝﾌﾟﾙ:	'1
ﾌｧｲﾙ名:	0.3.UDT
分析日時:	'17:11:26, 07/21/2022
ｵﾍﾟﾚｰﾀ:	北海道大学理学研究院
ｺﾒﾝﾄ:	'

光度計
ﾓﾃﾞﾙ:	U-3010形分光光度計
ｼﾘｱﾙ No.:	'1479-001
ROM Ver.:	2520 10

装置条件
測定ﾓｰﾄﾞ:	時間変化測定
ﾃﾞｰﾀﾓｰﾄﾞ:	Abs
測定時間:	300 s
測定波長:	550.00 nm
ｻﾝﾌﾟﾘﾝｸﾞ間隔:	0.2 s
初期待ち時間:	1 s
測定前ｵｰﾄｾﾞﾛ:	Off
ｽﾘｯﾄ:	2 nm
ﾎﾄﾏﾙ電圧:	自動制御
光源切換ﾓｰﾄﾞ:	自動切換
光源切換波長:	340.00 nm
ﾍﾞｰｽﾗｲﾝ設定:	ﾕｰｻﾞ 1
高分解能測定:	On
D2ﾗﾝﾌﾟ:	On
WIﾗﾝﾌﾟ:	On
ｾﾙ長補正:	On
ｾﾙ長:	10.0 mm

ﾃﾞｰﾀ処理項目
ｽﾍﾟｸﾄﾙ演算
ｽﾍﾟｸﾄﾙ1:	100.0000 * 1(DaTa20)

ﾚｰﾄ計算結果
開始 (s)	終了 (s)	Kﾌｧｸﾀ	傾き	活性度	R	R2
0.0	60.0	1.000000	-0.329858	-0.329858	0.386242	0.149183

ﾋﾟｰｸ検出
検出方法:	Rectangular
感度:	1
しきい値:	0.0100

ﾋﾟｰｸ
ﾋﾟｰｸ No.	開始 (s)	ﾋﾟｰｸ (s)	終了 (s)	高さ (Abs)	ﾊﾞﾚｰ (s)	ﾊﾞﾚｰ (Abs)
1	0.0	1.0	2.6	0.88473	2.6	0.81446
2	2.6	3.2	5.0	0.87304	5.0	0.81951
3	5.0	6.6	8.6	0.87380	8.6	0.80947
4	8.6	8.8	12.6	0.84552	12.6	0.82158
5	12.6	13.2	18.4	0.85260	18.4	0.80791
6	18.4	19.6	24.6	0.85765	24.6	0.77516
7	24.6	25.4	27.0	0.87465	27.0	0.80389
8	27.0	30.4	31.0	0.86500	31.0	0.81450
9	31.0	32.8	34.6	0.86273	34.6	0.80591
10	34.6	36.2	42.4	0.86011	42.4	-0.27830
11	42.4	42.6	53.2	1.20541	53.2	0.52436
12	53.2	54.0	66.0	0.60831	66.0	0.37521
13	66.0	66.4	69.0	0.41069	69.0	0.35694
14	69.0	70.6	74.6	0.41655	74.6	0.33000
15	74.6	75.2	76.8	0.36676	76.8	0.29865
16	76.8	78.2	79.8	0.37385	79.8	0.28922
17	79.8	80.0	81.6	0.34938	81.6	0.28203
18	81.6	83.0	83.4	0.33596	83.4	0.30097
19	83.4	85.0	89.2	0.33718	89.2	0.29035
20	89.2	90.2	91.2	0.32986	91.2	0.28680
21	91.2	92.8	95.0	0.33507	95.0	0.28740
22	95.0	96.0	97.8	0.33042	97.8	0.26783
23	97.8	99.6	101.6	0.33385	101.6	0.25092
24	101.6	104.6	106.0	0.47798	106.0	-0.42253
25	106.0	106.2	107.8	0.66687	107.8	-3.64316
26	107.8	108.0	112.0	0.99913	112.0	0.24538
27	112.0	115.6	116.4	0.31766	116.4	0.24106
28	116.4	116.8	120.6	0.31082	120.6	0.25470
29	120.6	126.6	130.4	0.31272	130.4	0.22735

ﾃﾞｰﾀﾘｽﾄ
s	Abs
0.0	0.84179
0.2	0.84179
0.4	0.83389
0.6	0.81309
0.8	0.80958
1.0	0.88473
1.2	0.83636
1.4	0.83793
1.6	0.81799
1.8	0.83678
2.0	0.81568
2.2	0.82994
2.4	0.82707
2.6	0.81446
2.8	0.82071
3.0	0.84491
3.2	0.87304
3.4	0.85567
3.6	0.84486
3.8	0.84144
4.0	0.83965
4.2	0.82190
4.4	0.83251
4.6	0.84010
4.8	0.83324
5.0	0.81951
5.2	0.84826
5.4	0.83583
5.6	0.80834
5.8	0.85159
6.0	0.86045
6.2	0.84806
6.4	0.82550
6.6	0.87380
6.8	0.82264
7.0	0.83049
7.2	0.83936
7.4	0.83069
7.6	0.83163
7.8	0.82033
8.0	0.81909
8.2	0.85251
8.4	0.82983
8.6	0.80947
8.8	0.84552
9.0	0.83409
9.2	0.83898
9.4	0.80589
9.6	0.81768
9.8	0.81720
10.0	0.83914
10.2	0.82021
10.4	0.86702
10.6	0.79611
10.8	0.79641
11.0	0.83185
11.2	0.83720
11.4	0.80975
11.6	0.82269
11.8	0.82631
12.0	0.82853
12.2	0.82819
12.4	0.83468
12.6	0.82158
12.8	0.83635
13.0	0.81671
13.2	0.85260
13.4	0.84767
13.6	0.81847
13.8	0.84853
14.0	0.82586
14.2	0.83632
14.4	0.84714
14.6	0.84333
14.8	0.81260
15.0	0.87134
15.2	0.80262
15.4	0.79026
15.6	0.84234
15.8	0.82031
16.0	0.85253
16.2	0.80866
16.4	0.85531
16.6	0.86177
16.8	0.81720
17.0	0.83363
17.2	0.82408
17.4	0.84480
17.6	0.82973
17.8	0.85064
18.0	0.82095
18.2	0.83524
18.4	0.80791
18.6	0.83067
18.8	0.84606
19.0	0.84540
19.2	0.82614
19.4	0.85762
19.6	0.85765
19.8	0.80806
20.0	0.83598
20.2	0.82869
20.4	0.84206
20.6	0.82748
20.8	0.84764
21.0	0.85017
21.2	0.82822
21.4	0.82839
21.6	0.85210
21.8	0.82556
22.0	0.84755
22.2	0.87292
22.4	0.83667
22.6	0.82586
22.8	0.83182
23.0	0.86480
23.2	0.80324
23.4	0.83383
23.6	0.82301
23.8	0.83230
24.0	0.83116
24.2	0.80482
24.4	0.86773
24.6	0.77516
24.8	0.85031
25.0	0.83363
25.2	0.84232
25.4	0.87465
25.6	0.84512
25.8	0.83068
26.0	0.81131
26.2	0.86399
26.4	0.84055
26.6	0.83993
26.8	0.80701
27.0	0.80389
27.2	0.83134
27.4	0.81628
27.6	0.83431
27.8	0.82899
28.0	0.81591
28.2	0.83482
28.4	0.80855
28.6	0.83926
28.8	0.86544
29.0	0.87288
29.2	0.83118
29.4	0.83221
29.6	0.86315
29.8	0.85104
30.0	0.84803
30.2	0.84889
30.4	0.86500
30.6	0.84244
30.8	0.83852
31.0	0.81450
31.2	0.82255
31.4	0.84010
31.6	0.83096
31.8	0.85105
32.0	0.84412
32.2	0.84394
32.4	0.83666
32.6	0.84269
32.8	0.86273
33.0	0.84386
33.2	0.81743
33.4	0.83062
33.6	0.80667
33.8	0.83781
34.0	0.84451
34.2	0.81298
34.4	0.83236
34.6	0.80591
34.8	0.83102
35.0	0.83788
35.2	0.84808
35.4	0.81272
35.6	0.83618
35.8	0.83755
36.0	0.83457
36.2	0.86011
36.4	0.84703
36.6	0.80488
36.8	0.83218
37.0	0.86100
37.2	0.83354
37.4	0.79766
37.6	0.80097
37.8	0.83434
38.0	0.81661
38.2	0.82076
38.4	0.82715
38.6	0.85744
38.8	1.01183
39.0	0.58171
39.2	-2.25214
39.4	2.50271
39.6	1.04072
39.8	0.65482
40.0	0.62639
40.2	0.91855
40.4	0.86575
40.6	0.80088
40.8	0.87663
41.0	1.07420
41.2	0.69587
41.4	0.74585
41.6	0.64395
41.8	0.78329
42.0	0.39700
42.2	0.11702
42.4	-0.27830
42.6	1.20541
42.8	1.03213
43.0	0.88733
43.2	0.82638
43.4	0.77910
43.6	0.79068
43.8	0.78640
44.0	0.77794
44.2	0.74064
44.4	0.74007
44.6	0.77164
44.8	0.74858
45.0	0.73973
45.2	0.74335
45.4	0.72726
45.6	0.71174
45.8	0.76452
46.0	0.69426
46.2	0.69781
46.4	0.65950
46.6	0.71375
46.8	0.67904
47.0	0.68899
47.2	0.67972
47.4	0.68615
47.6	0.67177
47.8	0.66114
48.0	0.65488
48.2	0.65074
48.4	0.67379
48.6	0.64616
48.8	0.64082
49.0	0.63566
49.2	0.64743
49.4	0.60130
49.6	0.61477
49.8	0.63956
50.0	0.63272
50.2	0.61445
50.4	0.59392
50.6	0.60274
50.8	0.63761
51.0	0.61129
51.2	0.59309
51.4	0.59782
51.6	0.57864
51.8	0.58466
52.0	0.57836
52.2	0.60732
52.4	0.55908
52.6	0.56628
52.8	0.56806
53.0	0.56518
53.2	0.52436
53.4	0.54021
53.6	0.53155
53.8	0.57023
54.0	0.60831
54.2	0.56612
54.4	0.55051
54.6	0.55172
54.8	0.51786
55.0	0.50639
55.2	0.51178
55.4	0.52012
55.6	0.52881
55.8	0.51812
56.0	0.50068
56.2	0.48162
56.4	0.50813
56.6	0.51428
56.8	0.50549
57.0	0.49327
57.2	0.48676
57.4	0.52601
57.6	0.47978
57.8	0.47181
58.0	0.52708
58.2	0.50579
58.4	0.48511
58.6	0.50856
58.8	0.48626
59.0	0.45989
59.2	0.47304
59.4	0.47733
59.6	0.46426
59.8	0.49753
60.0	0.44908
60.2	0.45092
60.4	0.46334
60.6	0.45748
60.8	0.46789
61.0	0.41852
61.2	0.43495
61.4	0.45565
61.6	0.43691
61.8	0.45817
62.0	0.42609
62.2	0.44931
62.4	0.42980
62.6	0.42740
62.8	0.45492
63.0	0.45542
63.2	0.41951
63.4	0.40617
63.6	0.43920
63.8	0.43720
64.0	0.44532
64.2	0.39866
64.4	0.40773
64.6	0.44680
64.8	0.41609
65.0	0.39982
65.2	0.42885
65.4	0.43326
65.6	0.37678
65.8	0.37817
66.0	0.37521
66.2	0.37935
66.4	0.41069
66.6	0.38335
66.8	0.39516
67.0	0.40724
67.2	0.38043
67.4	0.39053
67.6	0.39401
67.8	0.38071
68.0	0.37605
68.2	0.40014
68.4	0.42895
68.6	0.36584
68.8	0.39369
69.0	0.35694
69.2	0.37467
69.4	0.36082
69.6	0.40668
69.8	0.38213
70.0	0.36288
70.2	0.36842
70.4	0.37872
70.6	0.41655
70.8	0.37710
71.0	0.38178
71.2	0.39184
71.4	0.34100
71.6	0.36055
71.8	0.34574
72.0	0.36013
72.2	0.36887
72.4	0.37028
72.6	0.31926
72.8	0.35264
73.0	0.35017
73.2	0.31415
73.4	0.38795
73.6	0.35550
73.8	0.34844
74.0	0.38475
74.2	0.33602
74.4	0.33212
74.6	0.33000
74.8	0.34885
75.0	0.33922
75.2	0.36676
75.4	0.34327
75.6	0.33805
75.8	0.34681
76.0	0.34660
76.2	0.33457
76.4	0.35772
76.6	0.32945
76.8	0.29865
77.0	0.36308
77.2	0.34047
77.4	0.32207
77.6	0.33029
77.8	0.33455
78.0	0.32852
78.2	0.37385
78.4	0.33854
78.6	0.34035
78.8	0.36212
79.0	0.35659
79.2	0.33606
79.4	0.33023
79.6	0.32656
79.8	0.28922
80.0	0.34938
80.2	0.32063
80.4	0.34753
80.6	0.34303
80.8	0.32919
81.0	0.32008
81.2	0.34540
81.4	0.30452
81.6	0.28203
81.8	0.30006
82.0	0.32132
82.2	0.32475
82.4	0.31926
82.6	0.31569
82.8	0.30284
83.0	0.33596
83.2	0.29125
83.4	0.30097
83.6	0.31403
83.8	0.30185
84.0	0.31003
84.2	0.31252
84.4	0.32679
84.6	0.33062
84.8	0.29643
85.0	0.33718
85.2	0.31653
85.4	0.30470
85.6	0.31747
85.8	0.30218
86.0	0.32606
86.2	0.33124
86.4	0.31862
86.6	0.32244
86.8	0.30865
87.0	0.30985
87.2	0.30417
87.4	0.29236
87.6	0.32816
87.8	0.29096
88.0	0.30753
88.2	0.28308
88.4	0.30221
88.6	0.32158
88.8	0.30362
89.0	0.31538
89.2	0.29035
89.4	0.30120
89.6	0.32825
89.8	0.31993
90.0	0.31554
90.2	0.32986
90.4	0.29899
90.6	0.29538
90.8	0.28758
91.0	0.30715
91.2	0.28680
91.4	0.31245
91.6	0.31301
91.8	0.31321
92.0	0.33307
92.2	0.28938
92.4	0.27924
92.6	0.32733
92.8	0.33507
93.0	0.33083
93.2	0.31414
93.4	0.31129
93.6	0.30182
93.8	0.32437
94.0	0.31104
94.2	0.33074
94.4	0.36740
94.6	0.30980
94.8	0.31379
95.0	0.28740
95.2	0.31976
95.4	0.29751
95.6	0.30576
95.8	0.32667
96.0	0.33042
96.2	0.30161
96.4	0.31193
96.6	0.29793
96.8	0.30299
97.0	0.27577
97.2	0.30543
97.4	0.33701
97.6	0.31352
97.8	0.26783
98.0	0.29036
98.2	0.31604
98.4	0.29211
98.6	0.32522
98.8	0.32552
99.0	0.29966
99.2	0.30574
99.4	0.29883
99.6	0.33385
99.8	0.27163
100.0	0.30838
100.2	0.29966
100.4	0.29050
100.6	0.30074
100.8	0.25680
101.0	0.25605
101.2	0.28734
101.4	0.28426
101.6	0.25092
101.8	0.29985
102.0	0.28471
102.2	0.31170
102.4	0.28019
102.6	0.35320
102.8	0.25247
103.0	0.31171
103.2	0.28564
103.4	0.31096
103.6	0.29645
103.8	0.27748
104.0	0.30708
104.2	0.28473
104.4	0.29045
104.6	0.47798
104.8	-0.30603
105.0	-6.77733
105.2	0.71786
105.4	0.08791
105.6	0.03130
105.8	0.36915
106.0	-0.42253
106.2	0.66687
106.4	0.21290
106.6	0.03078
106.8	0.43112
107.0	0.61874
107.2	0.03208
107.4	0.58146
107.6	-0.46166
107.8	-3.64316
108.0	0.99913
108.2	0.75589
108.4	0.50533
108.6	0.28721
108.8	0.29232
109.0	0.26795
109.2	0.27092
109.4	0.30202
109.6	0.30568
109.8	0.28688
110.0	0.27320
110.2	0.27198
110.4	0.30538
110.6	0.27881
110.8	0.28164
111.0	0.26906
111.2	0.30574
111.4	0.28640
111.6	0.29253
111.8	0.25966
112.0	0.24538
112.2	0.26302
112.4	0.26232
112.6	0.27302
112.8	0.27112
113.0	0.28788
113.2	0.28571
113.4	0.27234
113.6	0.25559
113.8	0.30364
114.0	0.26553
114.2	0.28142
114.4	0.29351
114.6	0.29496
114.8	0.28008
115.0	0.25283
115.2	0.29336
115.4	0.30509
115.6	0.31766
115.8	0.27733
116.0	0.28553
116.2	0.27091
116.4	0.24106
116.6	0.28154
116.8	0.31082
117.0	0.28797
117.2	0.30354
117.4	0.27766
117.6	0.24680
117.8	0.27672
118.0	0.29535
118.2	0.27943
118.4	0.25591
118.6	0.29183
118.8	0.31630
119.0	0.25744
119.2	0.27111
119.4	0.26537
119.6	0.30703
119.8	0.27283
120.0	0.30148
120.2	0.25706
120.4	0.28806
120.6	0.25470
120.8	0.25629
121.0	0.28545
121.2	0.30447
121.4	0.29032
121.6	0.22356
121.8	0.31241
122.0	0.26612
122.2	0.29024
122.4	0.25490
122.6	0.30778
122.8	0.27613
123.0	0.28209
123.2	0.27700
123.4	0.30662
123.6	0.26366
123.8	0.27750
124.0	0.30835
124.2	0.28253
124.4	0.27927
124.6	0.27745
124.8	0.27090
125.0	0.27080
125.2	0.26537
125.4	0.30608
125.6	0.28838
125.8	0.28514
126.0	0.25785
126.2	0.28442
126.4	0.28878
126.6	0.31272
126.8	0.30504
127.0	0.28866
127.2	0.26118
127.4	0.27355
127.6	0.26935
127.8	0.26291
128.0	0.31589
128.2	0.29695
128.4	0.25638
128.6	0.25806
128.8	0.27202
129.0	0.24564
129.2	0.24902
129.4	0.23998
129.6	0.29214
129.8	0.25597
130.0	0.23797
130.2	0.26089
130.4	0.22735

