ｻﾝﾌﾟﾙ:	'1
ﾌｧｲﾙ名:	0.5.UDT
分析日時:	'17:25:56, 07/21/2022
ｵﾍﾟﾚｰﾀ:	北海道大学理学研究院
ｺﾒﾝﾄ:	'

光度計
ﾓﾃﾞﾙ:	U-3010形分光光度計
ｼﾘｱﾙ No.:	'1479-001
ROM Ver.:	2520 10

装置条件
測定ﾓｰﾄﾞ:	時間変化測定
ﾃﾞｰﾀﾓｰﾄﾞ:	Abs
測定時間:	300 s
測定波長:	550.00 nm
ｻﾝﾌﾟﾘﾝｸﾞ間隔:	0.2 s
初期待ち時間:	1 s
測定前ｵｰﾄｾﾞﾛ:	Off
ｽﾘｯﾄ:	2 nm
ﾎﾄﾏﾙ電圧:	自動制御
光源切換ﾓｰﾄﾞ:	自動切換
光源切換波長:	340.00 nm
ﾍﾞｰｽﾗｲﾝ設定:	ﾕｰｻﾞ 1
高分解能測定:	On
D2ﾗﾝﾌﾟ:	On
WIﾗﾝﾌﾟ:	On
ｾﾙ長補正:	On
ｾﾙ長:	10.0 mm

ﾃﾞｰﾀ処理項目
ｽﾍﾟｸﾄﾙ演算
ｽﾍﾟｸﾄﾙ1:	100.0000 * 1(DaTa21)

ﾚｰﾄ計算結果
開始 (s)	終了 (s)	Kﾌｧｸﾀ	傾き	活性度	R	R2
0.0	60.0	1.000000	-0.725694	-0.725694	0.543901	0.295828

ﾋﾟｰｸ検出
検出方法:	Rectangular
感度:	1
しきい値:	0.0100

ﾋﾟｰｸ
ﾋﾟｰｸ No.	開始 (s)	ﾋﾟｰｸ (s)	終了 (s)	高さ (Abs)	ﾊﾞﾚｰ (s)	ﾊﾞﾚｰ (Abs)
1	0.0	8.6	11.4	1.48340	11.4	1.42388
2	11.4	12.8	14.0	1.49655	14.0	1.42462
3	14.0	16.0	17.0	1.49422	17.0	1.44512
4	17.0	21.4	22.6	1.49116	22.6	1.44480
5	22.6	28.2	29.0	1.50377	29.0	1.46782
6	29.0	32.8	34.2	1.49255	34.2	-2.89810
7	34.2	35.8	66.6	1.64473	66.6	0.67813
8	66.6	67.6	69.2	0.74333	69.2	0.65081
9	69.2	71.4	73.8	0.69670	73.8	0.62987
10	73.8	75.0	80.6	0.73236	80.6	0.58378
11	80.6	81.2	84.4	0.65468	84.4	0.61032
12	84.4	84.8	86.0	0.66018	86.0	0.59104
13	86.0	87.0	88.8	0.64176	88.8	0.57234
14	88.8	91.8	92.6	0.63271	92.6	0.57914
15	92.6	94.8	98.6	0.63253	98.6	-1.39696
16	98.6	99.8	101.6	0.97887	101.6	-1.20262
17	101.6	103.6	105.6	0.60505	105.6	0.54415
18	105.6	107.2	108.4	0.63959	108.4	0.54966
19	108.4	108.6	110.0	0.59595	110.0	0.54687
20	110.0	110.4	112.4	0.61273	112.4	0.55352
21	112.4	113.4	117.0	0.60863	117.0	0.55777

ﾃﾞｰﾀﾘｽﾄ
s	Abs
0.0	1.45480
0.2	1.45480
0.4	1.39276
0.6	1.46802
0.8	1.46702
1.0	1.47094
1.2	1.42685
1.4	1.42508
1.6	1.48452
1.8	1.46258
2.0	1.48171
2.2	1.42262
2.4	1.42869
2.6	1.50940
2.8	1.46858
3.0	1.46400
3.2	1.47546
3.4	1.47467
3.6	1.47698
3.8	1.48639
4.0	1.43497
4.2	1.49995
4.4	1.47803
4.6	1.47335
4.8	1.44153
5.0	1.46841
5.2	1.47932
5.4	1.49063
5.6	1.48621
5.8	1.48407
6.0	1.47256
6.2	1.45886
6.4	1.50131
6.6	1.45510
6.8	1.45921
7.0	1.45352
7.2	1.45160
7.4	1.44750
7.6	1.46495
7.8	1.46750
8.0	1.47934
8.2	1.44724
8.4	1.46373
8.6	1.48340
8.8	1.44064
9.0	1.46139
9.2	1.44815
9.4	1.48050
9.6	1.47757
9.8	1.46175
10.0	1.50177
10.2	1.46129
10.4	1.46900
10.6	1.47801
10.8	1.44113
11.0	1.47713
11.2	1.45537
11.4	1.42388
11.6	1.44781
11.8	1.47925
12.0	1.44622
12.2	1.49954
12.4	1.45627
12.6	1.46891
12.8	1.49655
13.0	1.45889
13.2	1.45058
13.4	1.44370
13.6	1.46737
13.8	1.45407
14.0	1.42462
14.2	1.45530
14.4	1.43461
14.6	1.46695
14.8	1.45364
15.0	1.47173
15.2	1.43564
15.4	1.48777
15.6	1.48336
15.8	1.47343
16.0	1.49422
16.2	1.47208
16.4	1.45910
16.6	1.48806
16.8	1.47100
17.0	1.44512
17.2	1.47571
17.4	1.46234
17.6	1.48179
17.8	1.46359
18.0	1.47884
18.2	1.47245
18.4	1.49345
18.6	1.47494
18.8	1.43941
19.0	1.50102
19.2	1.43602
19.4	1.48073
19.6	1.46554
19.8	1.45928
20.0	1.45354
20.2	1.46936
20.4	1.46399
20.6	1.47649
20.8	1.48959
21.0	1.47319
21.2	1.48719
21.4	1.49116
21.6	1.47445
21.8	1.46444
22.0	1.47902
22.2	1.45944
22.4	1.47652
22.6	1.44480
22.8	1.45249
23.0	1.50289
23.2	1.47364
23.4	1.45380
23.6	1.51655
23.8	1.45363
24.0	1.48247
24.2	1.44423
24.4	1.48194
24.6	1.49353
24.8	1.45658
25.0	1.48935
25.2	1.46035
25.4	1.44734
25.6	1.50912
25.8	1.42776
26.0	1.45750
26.2	1.47887
26.4	1.47869
26.6	1.46153
26.8	1.44787
27.0	1.47843
27.2	1.45927
27.4	1.45069
27.6	1.49888
27.8	1.48103
28.0	1.50168
28.2	1.50377
28.4	1.46246
28.6	1.46970
28.8	1.48550
29.0	1.46782
29.2	1.48240
29.4	1.48991
29.6	1.47980
29.8	1.47138
30.0	1.46939
30.2	1.48223
30.4	1.48811
30.6	1.47076
30.8	1.45123
31.0	1.51495
31.2	1.48166
31.4	1.48474
31.6	1.48181
31.8	1.47186
32.0	1.44588
32.2	1.48512
32.4	1.48216
32.6	1.48281
32.8	1.49255
33.0	1.46917
33.2	1.48880
33.4	1.48375
33.6	1.46634
33.8	1.93640
34.0	0.34290
34.2	-2.89810
34.4	2.27235
34.6	1.59960
34.8	1.54204
35.0	1.48630
35.2	1.59917
35.4	1.54220
35.6	1.59557
35.8	1.64473
36.0	1.60577
36.2	1.42204
36.4	1.54928
36.6	1.37483
36.8	1.41705
37.0	1.32595
37.2	1.76063
37.4	1.42564
37.6	1.15986
37.8	-1.20552
38.0	1.83800
38.2	1.85745
38.4	1.45068
38.6	1.34182
38.8	1.36567
39.0	1.30005
39.2	1.29743
39.4	1.30698
39.6	1.27953
39.8	1.29808
40.0	1.32017
40.2	1.26614
40.4	1.25215
40.6	1.25217
40.8	1.26334
41.0	1.27305
41.2	1.22877
41.4	1.22366
41.6	1.21865
41.8	1.19465
42.0	1.18926
42.2	1.16595
42.4	1.15529
42.6	1.16567
42.8	1.18666
43.0	1.17028
43.2	1.12300
43.4	1.13490
43.6	1.15039
43.8	1.11174
44.0	1.13810
44.2	1.12961
44.4	1.10811
44.6	1.11300
44.8	1.10562
45.0	1.11586
45.2	1.11377
45.4	1.09955
45.6	1.06819
45.8	1.07322
46.0	1.04761
46.2	1.06794
46.4	1.05981
46.6	1.03338
46.8	1.06163
47.0	0.99513
47.2	1.00558
47.4	1.03065
47.6	1.03074
47.8	1.01334
48.0	0.98622
48.2	0.99412
48.4	1.00797
48.6	0.98093
48.8	0.97229
49.0	0.96905
49.2	0.97527
49.4	0.95834
49.6	1.00500
49.8	0.96798
50.0	0.93749
50.2	0.93151
50.4	0.85980
50.6	0.94420
50.8	0.95278
51.0	0.93833
51.2	0.92711
51.4	0.94007
51.6	0.89662
51.8	0.91175
52.0	0.91492
52.2	0.88850
52.4	0.88518
52.6	0.87937
52.8	0.92729
53.0	0.90702
53.2	0.90460
53.4	0.89457
53.6	0.88892
53.8	0.85510
54.0	0.87846
54.2	0.88623
54.4	0.86796
54.6	0.87881
54.8	0.89100
55.0	0.87682
55.2	0.83134
55.4	0.85770
55.6	0.85087
55.8	0.85951
56.0	0.84967
56.2	0.83495
56.4	0.84068
56.6	0.80782
56.8	0.83940
57.0	0.79952
57.2	0.85066
57.4	0.78982
57.6	0.80487
57.8	0.81554
58.0	0.83675
58.2	0.79735
58.4	0.83589
58.6	0.79617
58.8	0.75671
59.0	0.81058
59.2	0.75711
59.4	0.79537
59.6	0.78854
59.8	0.78364
60.0	0.79422
60.2	0.74018
60.4	0.78550
60.6	0.78268
60.8	0.76008
61.0	0.77527
61.2	0.77756
61.4	0.71946
61.6	0.77632
61.8	0.75353
62.0	0.73662
62.2	0.75988
62.4	0.72768
62.6	0.73546
62.8	0.74934
63.0	0.71745
63.2	0.75361
63.4	0.75511
63.6	0.74665
63.8	0.73883
64.0	0.74257
64.2	0.74475
64.4	0.74013
64.6	0.72016
64.8	0.71615
65.0	0.72335
65.2	0.73366
65.4	0.70310
65.6	0.72781
65.8	0.71730
66.0	0.71954
66.2	0.71441
66.4	0.69707
66.6	0.67813
66.8	0.70614
67.0	0.70921
67.2	0.71187
67.4	0.72019
67.6	0.74333
67.8	0.68160
68.0	0.70357
68.2	0.68866
68.4	0.67688
68.6	0.70201
68.8	0.69050
69.0	0.67495
69.2	0.65081
69.4	0.69118
69.6	0.69327
69.8	0.65068
70.0	0.70318
70.2	0.69377
70.4	0.69154
70.6	0.66391
70.8	0.70442
71.0	0.69349
71.2	0.65568
71.4	0.69670
71.6	0.63515
71.8	0.67624
72.0	0.67512
72.2	0.67311
72.4	0.65603
72.6	0.65945
72.8	0.68124
73.0	0.65474
73.2	0.66247
73.4	0.68055
73.6	0.66061
73.8	0.62987
74.0	0.67809
74.2	0.68497
74.4	0.66716
74.6	0.68071
74.8	0.65420
75.0	0.73236
75.2	0.64480
75.4	0.68837
75.6	0.64752
75.8	0.64705
76.0	0.65341
76.2	0.64598
76.4	0.66456
76.6	0.64367
76.8	0.62841
77.0	0.64696
77.2	0.64216
77.4	0.61485
77.6	0.64665
77.8	0.64200
78.0	0.66009
78.2	0.61087
78.4	0.64982
78.6	0.66191
78.8	0.62040
79.0	0.65097
79.2	0.64678
79.4	0.60507
79.6	0.63024
79.8	0.65796
80.0	0.63461
80.2	0.70104
80.4	0.62569
80.6	0.58378
80.8	0.61385
81.0	0.64706
81.2	0.65468
81.4	0.64000
81.6	0.62827
81.8	0.62286
82.0	0.61941
82.2	0.62036
82.4	0.63780
82.6	0.63508
82.8	0.63229
83.0	0.61966
83.2	0.62337
83.4	0.59894
83.6	0.62556
83.8	0.63464
84.0	0.62263
84.2	0.66461
84.4	0.61032
84.6	0.61394
84.8	0.66018
85.0	0.62897
85.2	0.62915
85.4	0.61939
85.6	0.61955
85.8	0.64155
86.0	0.59104
86.2	0.61333
86.4	0.62441
86.6	0.61814
86.8	0.62080
87.0	0.64176
87.2	0.61246
87.4	0.61837
87.6	0.60967
87.8	0.62791
88.0	0.61636
88.2	0.61829
88.4	0.59815
88.6	0.62279
88.8	0.57234
89.0	0.61432
89.2	0.62239
89.4	0.58893
89.6	0.59880
89.8	0.63561
90.0	0.58200
90.2	0.62483
90.4	0.60768
90.6	0.62223
90.8	0.57578
91.0	0.61952
91.2	0.59354
91.4	0.63155
91.6	0.61239
91.8	0.63271
92.0	0.60694
92.2	0.59952
92.4	0.59399
92.6	0.57914
92.8	0.60220
93.0	0.60888
93.2	0.57926
93.4	0.62072
93.6	0.60632
93.8	0.63033
94.0	0.61963
94.2	0.61477
94.4	0.60326
94.6	0.62304
94.8	0.63253
95.0	0.58134
95.2	0.59245
95.4	0.61344
95.6	0.62524
95.8	0.59729
96.0	0.60912
96.2	0.60394
96.4	0.59627
96.6	0.59906
96.8	0.57700
97.0	0.60815
97.2	0.60712
97.4	0.60691
97.6	0.58958
97.8	0.60423
98.0	0.51733
98.2	0.58206
98.4	0.08698
98.6	-1.39696
98.8	1.00763
99.0	0.75180
99.2	0.62794
99.4	0.94347
99.6	0.73295
99.8	0.97887
100.0	0.57176
100.2	0.95369
100.4	0.55866
100.6	0.21968
100.8	0.53873
101.0	0.65591
101.2	0.06971
101.4	0.58529
101.6	-1.20262
101.8	0.25787
102.0	0.92351
102.2	0.89248
102.4	0.59590
102.6	0.57243
102.8	0.57983
103.0	0.57989
103.2	0.55825
103.4	0.58131
103.6	0.60505
103.8	0.59627
104.0	0.59867
104.2	0.59821
104.4	0.54824
104.6	0.57774
104.8	0.56469
105.0	0.59382
105.2	0.59074
105.4	0.57354
105.6	0.54415
105.8	0.58516
106.0	0.57493
106.2	0.60275
106.4	0.55029
106.6	0.55552
106.8	0.60542
107.0	0.58541
107.2	0.63959
107.4	0.59127
107.6	0.57405
107.8	0.55945
108.0	0.59305
108.2	0.58454
108.4	0.54966
108.6	0.59595
108.8	0.59085
109.0	0.58897
109.2	0.56107
109.4	0.58092
109.6	0.55956
109.8	0.54851
110.0	0.54687
110.2	0.58496
110.4	0.61273
110.6	0.57217
110.8	0.58535
111.0	0.60436
111.2	0.58910
111.4	0.57834
111.6	0.57239
111.8	0.58631
112.0	0.56020
112.2	0.58702
112.4	0.55352
112.6	0.59880
112.8	0.57437
113.0	0.58595
113.2	0.59803
113.4	0.60863
113.6	0.56272
113.8	0.57480
114.0	0.58952
114.2	0.58648
114.4	0.59620
114.6	0.60396
114.8	0.61804
115.0	0.57425
115.2	0.58691
115.4	0.55777
115.6	0.57073
115.8	0.59100
116.0	0.56290
116.2	0.62052
116.4	0.58047
116.6	0.57100
116.8	0.57572
117.0	0.55777
117.2	0.56814
117.4	0.56337
117.6	0.58148
117.8	0.53658
118.0	0.58723
118.2	0.60929
118.4	0.56828

