ｻﾝﾌﾟﾙ:	'1
ﾌｧｲﾙ名:	0.75.UDT
分析日時:	'17:41:40, 07/21/2022
ｵﾍﾟﾚｰﾀ:	北海道大学理学研究院
ｺﾒﾝﾄ:	'

光度計
ﾓﾃﾞﾙ:	U-3010形分光光度計
ｼﾘｱﾙ No.:	'1479-001
ROM Ver.:	2520 10

装置条件
測定ﾓｰﾄﾞ:	時間変化測定
ﾃﾞｰﾀﾓｰﾄﾞ:	Abs
測定時間:	300 s
測定波長:	550.00 nm
ｻﾝﾌﾟﾘﾝｸﾞ間隔:	0.2 s
初期待ち時間:	1 s
測定前ｵｰﾄｾﾞﾛ:	Off
ｽﾘｯﾄ:	2 nm
ﾎﾄﾏﾙ電圧:	自動制御
光源切換ﾓｰﾄﾞ:	自動切換
光源切換波長:	340.00 nm
ﾍﾞｰｽﾗｲﾝ設定:	ﾕｰｻﾞ 1
高分解能測定:	On
D2ﾗﾝﾌﾟ:	On
WIﾗﾝﾌﾟ:	On
ｾﾙ長補正:	On
ｾﾙ長:	10.0 mm

ﾃﾞｰﾀ処理項目
ｽﾍﾟｸﾄﾙ演算
ｽﾍﾟｸﾄﾙ1:	100.0000 * 1(DaTa23)

ﾚｰﾄ計算結果
開始 (s)	終了 (s)	Kﾌｧｸﾀ	傾き	活性度	R	R2
0.0	60.0	1.000000	-1.47773	-1.47773	0.740711	0.548652

ﾋﾟｰｸ検出
検出方法:	Rectangular
感度:	1
しきい値:	0.0100

ﾋﾟｰｸ
ﾋﾟｰｸ No.	開始 (s)	ﾋﾟｰｸ (s)	終了 (s)	高さ (Abs)	ﾊﾞﾚｰ (s)	ﾊﾞﾚｰ (Abs)
1	0.0	2.6	6.0	1.95168	6.0	1.84097
2	6.0	7.0	7.2	1.92929	7.2	1.86584
3	7.2	8.8	10.6	1.92890	10.6	1.88390
4	10.6	11.6	12.0	1.92174	12.0	1.87185
5	12.0	13.6	14.2	1.91043	14.2	1.87626
6	14.2	16.2	17.2	3.96577	17.2	1.47545
7	17.2	19.6	36.4	2.27489	36.4	1.04204
8	36.4	38.0	61.4	1.07632	61.4	0.66525
9	61.4	62.2	71.6	0.73158	71.6	0.60850
10	71.6	77.6	79.8	1.16896	79.8	0.53860
11	79.8	82.2	83.4	0.60697	83.4	0.54744
12	83.4	84.2	88.4	0.60325	88.4	0.53436

ﾃﾞｰﾀﾘｽﾄ
s	Abs
0.0	1.91609
0.2	1.91609
0.4	1.90023
0.6	1.90304
0.8	1.89726
1.0	1.91406
1.2	1.90007
1.4	1.88978
1.6	1.92421
1.8	1.86787
2.0	1.91589
2.2	1.90652
2.4	1.89311
2.6	1.95168
2.8	1.90300
3.0	1.90540
3.2	1.87790
3.4	1.92806
3.6	1.92179
3.8	1.92914
4.0	1.89201
4.2	1.89026
4.4	1.91086
4.6	1.87376
4.8	1.90348
5.0	1.92742
5.2	1.93477
5.4	1.89706
5.6	1.89439
5.8	1.90946
6.0	1.84097
6.2	1.91050
6.4	1.88855
6.6	1.92625
6.8	1.91105
7.0	1.92929
7.2	1.86584
7.4	1.89455
7.6	1.92551
7.8	1.91481
8.0	1.90480
8.2	1.88912
8.4	1.92408
8.6	1.92722
8.8	1.92890
9.0	1.92157
9.2	1.88751
9.4	1.90673
9.6	1.91231
9.8	1.92113
10.0	1.91726
10.2	1.89647
10.4	1.89062
10.6	1.88390
10.8	1.90760
11.0	1.88993
11.2	1.91432
11.4	1.90636
11.6	1.92174
11.8	1.89445
12.0	1.87185
12.2	1.89940
12.4	1.88020
12.6	1.88686
12.8	1.88604
13.0	1.90136
13.2	1.87292
13.4	1.90875
13.6	1.91043
13.8	1.90262
14.0	1.90097
14.2	1.87626
14.4	1.91006
14.6	1.90265
14.8	1.89648
15.0	1.88843
15.2	1.89779
15.4	1.90151
15.6	1.91801
15.8	2.08874
16.0	-3.16485
16.2	3.96577
16.4	2.07156
16.6	2.08471
16.8	1.72647
17.0	2.05600
17.2	1.47545
17.4	1.89943
17.6	2.00422
17.8	1.69383
18.0	1.90950
18.2	1.76553
18.4	1.72711
18.6	2.00657
18.8	2.06453
19.0	1.60944
19.2	-1.92387
19.4	1.95660
19.6	2.27489
19.8	1.93382
20.0	1.80394
20.2	1.73893
20.4	1.76358
20.6	1.70935
20.8	1.69350
21.0	1.72043
21.2	1.70098
21.4	1.66874
21.6	1.65472
21.8	1.63416
22.0	1.63900
22.2	1.59621
22.4	1.60376
22.6	1.61289
22.8	1.58334
23.0	1.58765
23.2	1.57922
23.4	1.51300
23.6	1.55226
23.8	1.52313
24.0	1.57246
24.2	1.55491
24.4	1.56836
24.6	1.51772
24.8	1.53561
25.0	1.47979
25.2	1.46312
25.4	1.48332
25.6	1.41991
25.8	1.45648
26.0	1.43111
26.2	1.44527
26.4	1.42059
26.6	1.41850
26.8	1.42930
27.0	1.38280
27.2	1.40914
27.4	1.36405
27.6	1.35435
27.8	1.37006
28.0	1.34486
28.2	1.34524
28.4	1.34476
28.6	1.34701
28.8	1.33217
29.0	1.34710
29.2	1.31023
29.4	1.31292
29.6	1.31055
29.8	1.27441
30.0	1.23415
30.2	1.31191
30.4	1.27340
30.6	1.26235
30.8	1.26711
31.0	1.23599
31.2	1.25654
31.4	1.23807
31.6	1.20682
31.8	1.18014
32.0	1.19946
32.2	1.26614
32.4	1.21465
32.6	1.27773
32.8	1.12949
33.0	1.16620
33.2	1.18295
33.4	1.19351
33.6	1.17322
33.8	1.15812
34.0	1.17022
34.2	1.14661
34.4	1.14789
34.6	1.12124
34.8	1.10197
35.0	1.14315
35.2	1.14570
35.4	1.11252
35.6	1.11069
35.8	1.08978
36.0	1.09658
36.2	1.10911
36.4	1.04204
36.6	1.04327
36.8	1.06294
37.0	1.05674
37.2	1.06645
37.4	1.04655
37.6	1.06974
37.8	1.05703
38.0	1.07632
38.2	1.04905
38.4	1.03206
38.6	1.01266
38.8	1.02813
39.0	1.02522
39.2	1.01665
39.4	1.03674
39.6	0.99634
39.8	0.99953
40.0	1.01578
40.2	1.01222
40.4	1.02007
40.6	0.98567
40.8	0.99579
41.0	1.01425
41.2	0.97761
41.4	0.96802
41.6	0.96290
41.8	0.97370
42.0	0.93654
42.2	0.99123
42.4	0.94075
42.6	0.91618
42.8	0.94301
43.0	0.93028
43.2	0.92998
43.4	0.92900
43.6	0.91112
43.8	0.93917
44.0	0.95698
44.2	0.92563
44.4	0.90655
44.6	0.88685
44.8	0.92426
45.0	0.88750
45.2	0.91746
45.4	0.88818
45.6	0.87655
45.8	0.87232
46.0	0.89240
46.2	0.87807
46.4	0.88708
46.6	0.88440
46.8	0.86922
47.0	0.83355
47.2	0.87074
47.4	0.87488
47.6	0.84416
47.8	0.83680
48.0	0.86421
48.2	0.85142
48.4	0.84784
48.6	0.86389
48.8	0.84806
49.0	0.81774
49.2	0.84973
49.4	0.82721
49.6	0.82826
49.8	0.83519
50.0	0.80779
50.2	0.83762
50.4	0.80487
50.6	0.84013
50.8	0.83171
51.0	0.79560
51.2	0.78426
51.4	0.80809
51.6	0.80265
51.8	0.78010
52.0	0.80785
52.2	0.78684
52.4	0.81142
52.6	0.77516
52.8	0.78858
53.0	0.79366
53.2	0.78021
53.4	0.81351
53.6	0.79231
53.8	0.78067
54.0	0.73533
54.2	0.80044
54.4	0.79397
54.6	0.75312
54.8	0.75943
55.0	0.77006
55.2	0.76315
55.4	0.74354
55.6	0.74894
55.8	0.75769
56.0	0.76671
56.2	0.74495
56.4	0.76258
56.6	0.76145
56.8	0.79008
57.0	0.74370
57.2	0.73324
57.4	0.75076
57.6	0.73239
57.8	0.73215
58.0	0.74312
58.2	0.75717
58.4	0.69508
58.6	0.74615
58.8	0.71829
59.0	0.73871
59.2	0.71951
59.4	0.70470
59.6	0.71885
59.8	0.71264
60.0	0.71320
60.2	0.71967
60.4	0.73645
60.6	0.67286
60.8	0.68598
61.0	0.70423
61.2	0.72268
61.4	0.66525
61.6	0.70272
61.8	0.67955
62.0	0.72505
62.2	0.73158
62.4	0.67114
62.6	0.70113
62.8	0.68740
63.0	0.70343
63.2	0.69884
63.4	0.70471
63.6	0.69594
63.8	0.65810
64.0	0.67847
64.2	0.71059
64.4	0.70481
64.6	0.69721
64.8	0.63703
65.0	0.68692
65.2	0.70188
65.4	0.62429
65.6	0.68602
65.8	0.66180
66.0	0.69274
66.2	0.68550
66.4	0.65756
66.6	0.66696
66.8	0.68482
67.0	0.65798
67.2	0.66359
67.4	0.66308
67.6	0.67365
67.8	0.69033
68.0	0.65800
68.2	0.66309
68.4	0.64591
68.6	0.65971
68.8	0.64769
69.0	0.67575
69.2	0.67673
69.4	0.68760
69.6	0.64253
69.8	0.69585
70.0	0.64731
70.2	0.63560
70.4	0.65928
70.6	0.65270
70.8	0.66323
71.0	0.67700
71.2	0.64681
71.4	0.67688
71.6	0.60850
71.8	0.62524
72.0	0.63521
72.2	0.67411
72.4	0.66280
72.6	0.63055
72.8	0.65777
73.0	0.63544
73.2	0.65217
73.4	0.68474
73.6	0.62721
73.8	0.63476
74.0	0.64014
74.2	0.60344
74.4	0.65497
74.6	0.84605
74.8	-1.34651
75.0	-2.55453
75.2	1.52754
75.4	0.62997
75.6	0.56072
75.8	0.18569
76.0	0.54541
76.2	0.56380
76.4	0.68682
76.6	0.48221
76.8	0.83626
77.0	0.63866
77.2	-4.19451
77.4	0.94410
77.6	1.16896
77.8	0.69132
78.0	0.56665
78.2	0.57334
78.4	0.57377
78.6	0.59334
78.8	0.57968
79.0	0.58730
79.2	0.56727
79.4	0.57968
79.6	0.56183
79.8	0.53860
80.0	0.58089
80.2	0.55942
80.4	0.56019
80.6	0.57917
80.8	0.55621
81.0	0.60428
81.2	0.59401
81.4	0.56088
81.6	0.59317
81.8	0.54279
82.0	0.60324
82.2	0.60697
82.4	0.57458
82.6	0.56381
82.8	0.56982
83.0	0.56313
83.2	0.58255
83.4	0.54744
83.6	0.57066
83.8	0.57795
84.0	0.57754
84.2	0.60325
84.4	0.59819
84.6	0.57963
84.8	0.58599
85.0	0.54855
85.2	0.57103
85.4	0.55945
85.6	0.56806
85.8	0.58053
86.0	0.57859
86.2	0.59024
86.4	0.58211
86.6	0.55867
86.8	0.56489
87.0	0.57015
87.2	0.58547
87.4	0.55838
87.6	0.58003
87.8	0.57224
88.0	0.54647
88.2	0.59372
88.4	0.53436
88.6	0.56431
88.8	0.53805
89.0	0.55296
89.2	0.61728
89.4	0.56028
89.6	0.58032
89.8	0.59116
90.0	0.57965
90.2	0.58712
90.4	0.58547
90.6	0.58546
90.8	0.56583

