ｻﾝﾌﾟﾙ:	'1
ﾌｧｲﾙ名:	1.5.UDT
分析日時:	'18:13:46, 07/21/2022
ｵﾍﾟﾚｰﾀ:	北海道大学理学研究院
ｺﾒﾝﾄ:	'

光度計
ﾓﾃﾞﾙ:	U-3010形分光光度計
ｼﾘｱﾙ No.:	'1479-001
ROM Ver.:	2520 10

装置条件
測定ﾓｰﾄﾞ:	時間変化測定
ﾃﾞｰﾀﾓｰﾄﾞ:	Abs
測定時間:	300 s
測定波長:	550.00 nm
ｻﾝﾌﾟﾘﾝｸﾞ間隔:	0.2 s
初期待ち時間:	1 s
測定前ｵｰﾄｾﾞﾛ:	Off
ｽﾘｯﾄ:	2 nm
ﾎﾄﾏﾙ電圧:	自動制御
光源切換ﾓｰﾄﾞ:	自動切換
光源切換波長:	340.00 nm
ﾍﾞｰｽﾗｲﾝ設定:	ﾕｰｻﾞ 1
高分解能測定:	On
D2ﾗﾝﾌﾟ:	On
WIﾗﾝﾌﾟ:	On
ｾﾙ長補正:	On
ｾﾙ長:	10.0 mm

ﾃﾞｰﾀ処理項目
ｽﾍﾟｸﾄﾙ演算
ｽﾍﾟｸﾄﾙ1:	100.0000 * 1(DaTa27)

ﾚｰﾄ計算結果
開始 (s)	終了 (s)	Kﾌｧｸﾀ	傾き	活性度	R	R2
0.0	60.0	1.000000	-1.84549	-1.84549	0.827345	0.6845

ﾋﾟｰｸ検出
検出方法:	Rectangular
感度:	1
しきい値:	0.0100

ﾋﾟｰｸ
ﾋﾟｰｸ No.	開始 (s)	ﾋﾟｰｸ (s)	終了 (s)	高さ (Abs)	ﾊﾞﾚｰ (s)	ﾊﾞﾚｰ (Abs)
1	0.0	4.4	6.2	3.96098	6.2	3.90690
2	6.2	7.6	8.8	3.94334	8.8	3.88097
3	8.8	16.4	18.2	3.97069	18.2	3.87717
4	18.2	19.4	21.0	3.94217	21.0	3.87812
5	21.0	22.2	23.4	3.93864	23.4	3.89013
6	23.4	24.2	27.4	3.95792	27.4	3.87939
7	27.4	32.8	82.0	4.09705	82.0	1.64193
8	82.0	82.2	91.6	1.68990	91.6	1.49497
9	91.6	92.0	98.8	1.54900	98.8	1.40133
10	98.8	101.0	102.6	1.47688	102.6	1.38037
11	102.6	104.6	106.8	2.25469	106.8	-2.96732
12	106.8	107.2	108.8	1.89928	108.8	1.14686

ﾃﾞｰﾀﾘｽﾄ
s	Abs
0.0	3.93103
0.2	3.93103
0.4	3.90714
0.6	3.94012
0.8	3.93452
1.0	3.88586
1.2	3.94455
1.4	3.90339
1.6	3.92329
1.8	3.92842
2.0	3.94478
2.2	3.93324
2.4	3.91877
2.6	3.88691
2.8	3.92422
3.0	3.91461
3.2	3.93714
3.4	3.94126
3.6	3.92768
3.8	3.93774
4.0	3.94051
4.2	3.94249
4.4	3.96098
4.6	3.92678
4.8	3.92995
5.0	3.91852
5.2	3.91013
5.4	3.94469
5.6	3.92585
5.8	3.93256
6.0	3.91746
6.2	3.90690
6.4	3.93231
6.6	3.91942
6.8	3.93631
7.0	3.94584
7.2	3.88542
7.4	3.92038
7.6	3.94334
7.8	3.91653
8.0	3.94268
8.2	3.91978
8.4	3.92337
8.6	3.88475
8.8	3.88097
9.0	3.90835
9.2	3.92840
9.4	3.92548
9.6	3.88603
9.8	3.90718
10.0	3.91506
10.2	3.94834
10.4	3.94365
10.6	3.88383
10.8	3.90431
11.0	3.91188
11.2	3.93380
11.4	3.91438
11.6	3.89368
11.8	3.90980
12.0	3.87749
12.2	3.92037
12.4	3.89630
12.6	3.92469
12.8	3.93497
13.0	3.88140
13.2	3.90965
13.4	3.92158
13.6	3.89704
13.8	3.89662
14.0	3.90387
14.2	3.92245
14.4	3.92232
14.6	3.91410
14.8	3.91390
15.0	3.89698
15.2	3.88835
15.4	3.88687
15.6	3.93746
15.8	3.89661
16.0	3.94197
16.2	3.91307
16.4	3.97069
16.6	3.88818
16.8	3.92226
17.0	3.91353
17.2	3.90146
17.4	3.89340
17.6	3.91458
17.8	3.92621
18.0	3.89567
18.2	3.87717
18.4	3.89340
18.6	3.93870
18.8	3.90159
19.0	3.90226
19.2	3.90557
19.4	3.94217
19.6	3.93085
19.8	3.91321
20.0	3.92041
20.2	3.91220
20.4	3.91670
20.6	3.90547
20.8	3.92538
21.0	3.87812
21.2	3.91299
21.4	3.90807
21.6	3.89901
21.8	3.92472
22.0	3.92276
22.2	3.93864
22.4	3.91369
22.6	3.90960
22.8	3.92952
23.0	3.90174
23.2	3.90651
23.4	3.89013
23.6	3.91980
23.8	3.91909
24.0	3.90353
24.2	3.95792
24.4	3.94414
24.6	3.92682
24.8	3.89836
25.0	3.93539
25.2	3.88666
25.4	3.93817
25.6	3.90701
25.8	3.92708
26.0	3.89372
26.2	3.90702
26.4	3.89652
26.6	3.88242
26.8	3.92525
27.0	3.91252
27.2	3.90992
27.4	3.87939
27.6	3.91446
27.8	3.91321
28.0	3.90992
28.2	3.97506
28.4	3.93591
28.6	3.89201
28.8	3.93563
29.0	3.91006
29.2	3.94609
29.4	3.91071
29.6	4.18256
29.8	2.42609
30.0	5.20360
30.2	3.79443
30.4	3.99994
30.6	3.66580
30.8	3.91293
31.0	3.96602
31.2	3.76768
31.4	3.81280
31.6	3.90294
31.8	4.11052
32.0	3.93187
32.2	3.61872
32.4	3.98995
32.6	3.77437
32.8	4.09705
33.0	-0.44822
33.2	3.63157
33.4	4.31680
33.6	3.81750
33.8	3.69308
34.0	3.69503
34.2	3.68732
34.4	3.65342
34.6	3.63421
34.8	3.63706
35.0	3.60266
35.2	3.57820
35.4	3.57354
35.6	3.61127
35.8	3.56369
36.0	3.53123
36.2	3.51966
36.4	3.48024
36.6	3.48338
36.8	3.46920
37.0	3.43701
37.2	3.44396
37.4	3.38567
37.6	3.40341
37.8	3.40508
38.0	3.37109
38.2	3.36510
38.4	3.34449
38.6	3.30945
38.8	3.30354
39.0	3.28985
39.2	3.29901
39.4	3.27949
39.6	3.23454
39.8	3.23936
40.0	3.24190
40.2	3.24575
40.4	3.20475
40.6	3.20850
40.8	3.18791
41.0	3.15981
41.2	3.19791
41.4	3.15694
41.6	3.11623
41.8	3.14113
42.0	3.10889
42.2	3.10443
42.4	3.06810
42.6	3.06590
42.8	3.03398
43.0	3.02794
43.2	2.99577
43.4	3.01170
43.6	3.00413
43.8	3.00088
44.0	2.96977
44.2	2.96004
44.4	2.95297
44.6	2.95620
44.8	2.94137
45.0	2.91181
45.2	2.90699
45.4	2.89494
45.6	2.86108
45.8	2.85224
46.0	2.86744
46.2	2.85114
46.4	2.87774
46.6	2.85168
46.8	2.78147
47.0	2.80878
47.2	2.78630
47.4	2.81761
47.6	2.74617
47.8	2.71533
48.0	2.72289
48.2	2.71563
48.4	2.68874
48.6	2.67736
48.8	2.67663
49.0	2.68136
49.2	2.70650
49.4	2.65894
49.6	2.67023
49.8	2.67082
50.0	2.68269
50.2	2.62564
50.4	2.62825
50.6	2.63431
50.8	2.64898
51.0	2.59955
51.2	2.60374
51.4	2.57144
51.6	2.56551
51.8	2.55457
52.0	2.54981
52.2	2.53572
52.4	2.52353
52.6	2.52702
52.8	2.51305
53.0	2.55348
53.2	2.48356
53.4	2.49089
53.6	2.45164
53.8	2.47714
54.0	2.46433
54.2	2.45552
54.4	2.42676
54.6	2.43518
54.8	2.47224
55.0	2.42237
55.2	2.44449
55.4	2.39068
55.6	2.41446
55.8	2.40087
56.0	2.34145
56.2	2.36843
56.4	2.37855
56.6	2.35036
56.8	2.34479
57.0	2.33922
57.2	2.34243
57.4	2.30266
57.6	2.32312
57.8	2.31217
58.0	2.28565
58.2	2.30963
58.4	2.31730
58.6	2.28417
58.8	2.26115
59.0	2.27359
59.2	2.26394
59.4	2.25641
59.6	2.21709
59.8	2.24380
60.0	2.24340
60.2	2.21639
60.4	2.23752
60.6	2.21146
60.8	2.21029
61.0	2.19517
61.2	2.16290
61.4	2.18658
61.6	2.16936
61.8	2.16891
62.0	2.16296
62.2	2.18399
62.4	2.13422
62.6	2.11975
62.8	2.11061
63.0	2.13468
63.2	2.11835
63.4	2.12036
63.6	2.10084
63.8	2.10311
64.0	2.08161
64.2	2.06954
64.4	2.08227
64.6	2.09931
64.8	2.07269
65.0	2.07072
65.2	2.03950
65.4	2.04200
65.6	2.06204
65.8	2.03645
66.0	2.05952
66.2	2.00510
66.4	2.02517
66.6	2.01963
66.8	2.00095
67.0	1.99051
67.2	1.98272
67.4	2.01599
67.6	1.99773
67.8	1.98082
68.0	1.98195
68.2	2.00819
68.4	1.98457
68.6	1.99820
68.8	1.98146
69.0	1.95059
69.2	1.95908
69.4	1.93355
69.6	1.94068
69.8	1.94241
70.0	1.94710
70.2	1.90983
70.4	1.92799
70.6	1.94303
70.8	1.88575
71.0	1.92193
71.2	1.88278
71.4	1.85768
71.6	1.89105
71.8	1.92064
72.0	1.90242
72.2	1.86975
72.4	1.90134
72.6	1.85239
72.8	1.85445
73.0	1.88365
73.2	1.83869
73.4	1.80654
73.6	1.82405
73.8	1.84270
74.0	1.82695
74.2	1.84323
74.4	1.80025
74.6	1.80533
74.8	1.80461
75.0	1.83702
75.2	1.81401
75.4	1.83898
75.6	1.83278
75.8	1.80471
76.0	1.76930
76.2	1.79568
76.4	1.77445
76.6	1.78065
76.8	1.76816
77.0	1.79136
77.2	1.74960
77.4	1.75774
77.6	1.73276
77.8	1.71571
78.0	1.74622
78.2	1.74172
78.4	1.75474
78.6	1.72867
78.8	1.70325
79.0	1.68404
79.2	1.72616
79.4	1.72527
79.6	1.71283
79.8	1.71939
80.0	1.66904
80.2	1.69096
80.4	1.68235
80.6	1.73355
80.8	1.66313
81.0	1.67114
81.2	1.70176
81.4	1.70768
81.6	1.65632
81.8	1.65464
82.0	1.64193
82.2	1.68990
82.4	1.67478
82.6	1.67019
82.8	1.67867
83.0	1.67108
83.2	1.66745
83.4	1.63338
83.6	1.63535
83.8	1.62053
84.0	1.62360
84.2	1.63451
84.4	1.63034
84.6	1.69901
84.8	1.64195
85.0	1.61201
85.2	1.59049
85.4	1.62498
85.6	1.62734
85.8	1.60603
86.0	1.59242
86.2	1.62130
86.4	1.57419
86.6	1.60348
86.8	1.61552
87.0	1.58171
87.2	1.55804
87.4	1.61051
87.6	1.59572
87.8	1.59265
88.0	1.58245
88.2	1.58608
88.4	1.55163
88.6	1.57908
88.8	1.54635
89.0	1.61732
89.2	1.54093
89.4	1.55964
89.6	1.56046
89.8	1.54399
90.0	1.53270
90.2	1.51298
90.4	1.57719
90.6	1.55166
90.8	1.53346
91.0	1.51770
91.2	1.54059
91.4	1.51950
91.6	1.49497
91.8	1.53490
92.0	1.54900
92.2	1.50633
92.4	1.54425
92.6	1.53048
92.8	1.51890
93.0	1.50074
93.2	1.48966
93.4	1.53824
93.6	1.49837
93.8	1.50999
94.0	1.49785
94.2	1.49949
94.4	1.50081
94.6	1.46878
94.8	1.51743
95.0	1.49020
95.2	1.47363
95.4	1.45083
95.6	1.46121
95.8	1.46614
96.0	1.45421
96.2	1.47130
96.4	1.45047
96.6	1.47097
96.8	1.46813
97.0	1.45385
97.2	1.47686
97.4	1.45240
97.6	1.43431
97.8	1.47284
98.0	1.42333
98.2	1.46382
98.4	1.42233
98.6	1.42471
98.8	1.40133
99.0	1.41176
99.2	1.44896
99.4	1.42010
99.6	1.43197
99.8	1.42992
100.0	1.42440
100.2	1.41840
100.4	1.45006
100.6	1.44438
100.8	1.40705
101.0	1.47688
101.2	1.44272
101.4	1.42307
101.6	1.41132
101.8	1.43213
102.0	1.42352
102.2	1.41982
102.4	1.41741
102.6	1.38037
102.8	1.40496
103.0	1.40199
103.2	1.39091
103.4	1.44422
103.6	1.39757
103.8	1.41538
104.0	1.48999
104.2	1.77688
104.4	-8.14662
104.6	2.25469
104.8	1.15415
105.0	1.30490
105.2	1.74510
105.4	1.19249
105.6	1.31201
105.8	1.30750
106.0	1.13546
106.2	1.10972
106.4	1.31783
106.6	0.85237
106.8	-2.96732
107.0	1.41597
107.2	1.89928
107.4	1.26646
107.6	1.17964
107.8	1.17457
108.0	1.17891
108.2	1.15916
108.4	1.19294
108.6	1.18596
108.8	1.14686
109.0	1.17888
109.2	1.17282
109.4	1.18403
109.6	1.17633
109.8	1.15005
110.0	1.15924
110.2	1.18988
110.4	1.18229
110.6	1.19979
110.8	1.16229
111.0	1.19541
111.2	1.18565
111.4	1.17610
111.6	1.18419
111.8	1.12345
112.0	1.20316
112.2	1.15341
112.4	1.19010
112.6	1.19690
112.8	1.17428
113.0	1.16542
113.2	1.14273
113.4	1.17371
113.6	1.17056
113.8	1.18664
114.0	1.17837
114.2	1.15742
114.4	1.16975
114.6	1.11906
114.8	1.15881
115.0	1.18664
115.2	1.19775
115.4	1.18454
115.6	1.15101
115.8	1.17562
116.0	1.15577
116.2	1.20486
116.4	1.18519
116.6	1.15982
116.8	1.21178
117.0	1.19166
117.2	1.18459

