ｻﾝﾌﾟﾙ:	'1
ﾌｧｲﾙ名:	1.UDT
分析日時:	'17:57:31, 07/21/2022
ｵﾍﾟﾚｰﾀ:	北海道大学理学研究院
ｺﾒﾝﾄ:	'

光度計
ﾓﾃﾞﾙ:	U-3010形分光光度計
ｼﾘｱﾙ No.:	'1479-001
ROM Ver.:	2520 10

装置条件
測定ﾓｰﾄﾞ:	時間変化測定
ﾃﾞｰﾀﾓｰﾄﾞ:	Abs
測定時間:	300 s
測定波長:	550.00 nm
ｻﾝﾌﾟﾘﾝｸﾞ間隔:	0.2 s
初期待ち時間:	1 s
測定前ｵｰﾄｾﾞﾛ:	Off
ｽﾘｯﾄ:	2 nm
ﾎﾄﾏﾙ電圧:	自動制御
光源切換ﾓｰﾄﾞ:	自動切換
光源切換波長:	340.00 nm
ﾍﾞｰｽﾗｲﾝ設定:	ﾕｰｻﾞ 1
高分解能測定:	On
D2ﾗﾝﾌﾟ:	On
WIﾗﾝﾌﾟ:	On
ｾﾙ長補正:	On
ｾﾙ長:	10.0 mm

ﾃﾞｰﾀ処理項目
ｽﾍﾟｸﾄﾙ演算
ｽﾍﾟｸﾄﾙ1:	100.0000 * 1(DaTa25)

ﾚｰﾄ計算結果
開始 (s)	終了 (s)	Kﾌｧｸﾀ	傾き	活性度	R	R2
0.0	60.0	1.000000	-1.70276	-1.70276	0.76146	0.579821

ﾋﾟｰｸ検出
検出方法:	Rectangular
感度:	1
しきい値:	0.0100

ﾋﾟｰｸ
ﾋﾟｰｸ No.	開始 (s)	ﾋﾟｰｸ (s)	終了 (s)	高さ (Abs)	ﾊﾞﾚｰ (s)	ﾊﾞﾚｰ (Abs)
1	0.0	0.6	4.0	2.60064	4.0	2.53759
2	4.0	5.0	9.8	2.61651	9.8	2.54054
3	9.8	11.2	12.8	2.58803	12.8	2.54416
4	12.8	13.4	15.4	2.60861	15.4	2.54022
5	15.4	25.4	71.4	2.68029	71.4	0.97699
6	71.4	71.6	79.8	1.02470	79.8	0.88459
7	79.8	80.6	82.2	0.92321	82.2	0.88011
8	82.2	84.4	85.6	0.90907	85.6	0.85068
9	85.6	87.4	89.6	0.90004	89.6	0.83717
10	89.6	90.2	92.0	0.89208	92.0	0.81306
11	92.0	91.8	95.6	0.88320	95.6	0.79768
12	95.6	96.4	96.6	0.84900	96.6	0.80806
13	96.6	100.8	103.8	0.84259	103.8	0.78470
14	103.8	106.2	108.4	0.83774	108.4	0.76651
15	108.4	111.2	115.8	0.83065	115.8	0.75869
16	115.8	116.4	118.4	0.80425	118.4	0.74600
17	118.4	118.6	121.8	0.81987	121.8	-5.31384
18	121.8	122.8	125.0	1.00032	125.0	-3.63473
19	125.0	125.4	126.0	1.37176	126.0	0.73158
20	126.0	127.2	129.0	0.81863	129.0	0.73685
21	129.0	129.6	130.8	0.78595	130.8	0.73203
22	130.8	132.6	133.8	0.78781	133.8	0.73619
23	133.8	135.0	139.2	0.77887	139.2	0.73686
24	139.2	142.0	143.6	0.76545	143.6	0.72359
25	143.6	143.8	145.0	0.78644	145.0	0.73118
26	145.0	147.2	148.2	0.80196	148.2	0.73718
27	148.2	151.4	151.8	0.79541	151.8	0.71812
28	151.8	154.6	157.4	0.79120	157.4	0.72683
29	157.4	160.6	161.8	0.78259	161.8	0.71406
30	161.8	163.4	163.6	0.96862	163.6	-3.04270
31	163.6	166.4	168.4	1.33076	168.4	0.72770
32	168.4	172.8	173.0	0.79035	173.0	0.68934
33	173.0	174.0	177.6	0.80501	177.6	0.78467

ﾃﾞｰﾀﾘｽﾄ
s	Abs
0.0	2.57623
0.2	2.57623
0.4	2.56044
0.6	2.60064
0.8	2.53360
1.0	2.54288
1.2	2.56364
1.4	2.53346
1.6	2.56878
1.8	2.59656
2.0	2.58715
2.2	2.55620
2.4	2.53103
2.6	2.56382
2.8	2.57297
3.0	2.57460
3.2	2.55469
3.4	2.55557
3.6	2.57306
3.8	2.53927
4.0	2.53759
4.2	2.55182
4.4	2.57561
4.6	2.55497
4.8	2.56692
5.0	2.61651
5.2	2.55542
5.4	2.59540
5.6	2.53383
5.8	2.55132
6.0	2.54678
6.2	2.58910
6.4	2.54634
6.6	2.56967
6.8	2.55192
7.0	2.57568
7.2	2.54237
7.4	2.56575
7.6	2.58743
7.8	2.56194
8.0	2.56372
8.2	2.58785
8.4	2.52218
8.6	2.55421
8.8	2.55442
9.0	2.54487
9.2	2.55200
9.4	2.54851
9.6	2.56196
9.8	2.54054
10.0	2.56428
10.2	2.54450
10.4	2.56592
10.6	2.55369
10.8	2.56347
11.0	2.58490
11.2	2.58803
11.4	2.54994
11.6	2.55303
11.8	2.55184
12.0	2.59104
12.2	2.56200
12.4	2.55871
12.6	2.57247
12.8	2.54416
13.0	2.55956
13.2	2.56705
13.4	2.60861
13.6	2.56164
13.8	2.55394
14.0	2.57708
14.2	2.58702
14.4	2.55415
14.6	2.58061
14.8	2.55559
15.0	2.55917
15.2	2.57331
15.4	2.54022
15.6	2.55572
15.8	2.57331
16.0	2.54586
16.2	2.56139
16.4	2.55463
16.6	2.54914
16.8	2.56733
17.0	2.58301
17.2	2.56234
17.4	2.56088
17.6	2.59518
17.8	2.57958
18.0	2.55644
18.2	2.59221
18.4	2.51039
18.6	2.56408
18.8	2.55719
19.0	2.53968
19.2	2.61121
19.4	2.55689
19.6	2.55082
19.8	2.56123
20.0	2.57482
20.2	2.54293
20.4	2.54307
20.6	2.55253
20.8	2.56000
21.0	2.58033
21.2	2.56596
21.4	2.57885
21.6	2.50335
21.8	2.55081
22.0	2.58306
22.2	2.58415
22.4	2.52742
22.6	2.54686
22.8	2.55914
23.0	2.54840
23.2	2.60597
23.4	2.56530
23.6	2.56782
23.8	2.86436
24.0	1.21443
24.2	-3.70632
24.4	3.18505
24.6	2.54317
24.8	2.59143
25.0	2.49628
25.2	2.35552
25.4	2.68029
25.6	2.32515
25.8	2.67389
26.0	2.61288
26.2	2.53331
26.4	2.35387
26.6	2.62716
26.8	2.56144
27.0	1.37032
27.2	-0.23793
27.4	3.07763
27.6	2.61962
27.8	2.58225
28.0	2.41431
28.2	2.35535
28.4	2.35129
28.6	2.32910
28.8	2.34105
29.0	2.29874
29.2	2.33257
29.4	2.28775
29.6	2.30217
29.8	2.27621
30.0	2.23268
30.2	2.21968
30.4	2.21557
30.6	2.22685
30.8	2.19926
31.0	2.18356
31.2	2.18709
31.4	2.14619
31.6	2.15118
31.8	2.13636
32.0	2.12216
32.2	2.08181
32.4	2.08939
32.6	2.08021
32.8	2.04294
33.0	2.08200
33.2	2.06692
33.4	2.02825
33.6	2.02359
33.8	2.02072
34.0	1.99704
34.2	1.96173
34.4	2.00278
34.6	1.98004
34.8	1.95521
35.0	1.93250
35.2	1.90288
35.4	1.95128
35.6	1.90817
35.8	1.88375
36.0	1.88027
36.2	1.87448
36.4	1.88318
36.6	1.85223
36.8	1.86783
37.0	1.82108
37.2	1.84569
37.4	1.80883
37.6	1.83560
37.8	1.78151
38.0	1.77044
38.2	1.75589
38.4	1.78771
38.6	1.77967
38.8	1.74370
39.0	1.78863
39.2	1.75805
39.4	1.72724
39.6	1.74963
39.8	1.71394
40.0	1.73700
40.2	1.66881
40.4	1.68423
40.6	1.64175
40.8	1.67089
41.0	1.67049
41.2	1.68616
41.4	1.63667
41.6	1.63699
41.8	1.62922
42.0	1.63069
42.2	1.62448
42.4	1.62493
42.6	1.61481
42.8	1.58520
43.0	1.59908
43.2	1.59579
43.4	1.55461
43.6	1.55170
43.8	1.56472
44.0	1.58160
44.2	1.54429
44.4	1.53854
44.6	1.53561
44.8	1.52266
45.0	1.54073
45.2	1.50480
45.4	1.51629
45.6	1.49749
45.8	1.48459
46.0	1.51148
46.2	1.51372
46.4	1.45519
46.6	1.51014
46.8	1.45161
47.0	1.47000
47.2	1.43769
47.4	1.44554
47.6	1.42368
47.8	1.42567
48.0	1.40665
48.2	1.42394
48.4	1.44081
48.6	1.43147
48.8	1.40399
49.0	1.42151
49.2	1.36469
49.4	1.39390
49.6	1.38835
49.8	1.35848
50.0	1.39974
50.2	1.36357
50.4	1.35318
50.6	1.35581
50.8	1.34809
51.0	1.35205
51.2	1.32642
51.4	1.31649
51.6	1.31035
51.8	1.33078
52.0	1.34039
52.2	1.29040
52.4	1.30762
52.6	1.31642
52.8	1.30255
53.0	1.29084
53.2	1.29155
53.4	1.26852
53.6	1.30774
53.8	1.27660
54.0	1.26829
54.2	1.24912
54.4	1.25001
54.6	1.26032
54.8	1.26256
55.0	1.24682
55.2	1.23356
55.4	1.25700
55.6	1.22865
55.8	1.20608
56.0	1.24810
56.2	1.24663
56.4	1.19378
56.6	1.23804
56.8	1.20100
57.0	1.17168
57.2	1.19817
57.4	1.19932
57.6	1.21138
57.8	1.20001
58.0	1.18746
58.2	1.19911
58.4	1.18952
58.6	1.17158
58.8	1.15488
59.0	1.18856
59.2	1.16565
59.4	1.12878
59.6	1.18074
59.8	1.13692
60.0	1.12894
60.2	1.16204
60.4	1.14624
60.6	1.13439
60.8	1.17707
61.0	1.14836
61.2	1.12428
61.4	1.15079
61.6	1.08735
61.8	1.11860
62.0	1.11531
62.2	1.14759
62.4	1.11650
62.6	1.09931
62.8	1.09122
63.0	1.08806
63.2	1.10384
63.4	1.07641
63.6	1.08237
63.8	1.10428
64.0	1.11199
64.2	1.05133
64.4	1.06078
64.6	1.08477
64.8	1.10400
65.0	1.04582
65.2	1.05929
65.4	1.08423
65.6	1.05634
65.8	1.09717
66.0	1.04783
66.2	1.03696
66.4	1.05898
66.6	1.06878
66.8	1.02846
67.0	1.03243
67.2	1.03402
67.4	1.03858
67.6	1.05838
67.8	1.01277
68.0	1.03029
68.2	1.00425
68.4	1.01991
68.6	1.00582
68.8	1.04828
69.0	1.01143
69.2	1.00449
69.4	1.01835
69.6	1.01934
69.8	1.00535
70.0	0.99841
70.2	0.98488
70.4	0.98935
70.6	1.01384
70.8	0.97738
71.0	0.98094
71.2	0.99448
71.4	0.97699
71.6	1.02470
71.8	1.00786
72.0	0.98851
72.2	0.98832
72.4	1.00486
72.6	0.94852
72.8	1.00124
73.0	0.97718
73.2	0.97504
73.4	0.95879
73.6	0.97733
73.8	0.97403
74.0	0.94447
74.2	0.99086
74.4	0.98014
74.6	0.92573
74.8	0.99716
75.0	0.92964
75.2	0.94242
75.4	0.97844
75.6	0.94855
75.8	0.95318
76.0	0.95982
76.2	0.94650
76.4	0.94742
76.6	0.95180
76.8	0.92987
77.0	0.92211
77.2	0.92186
77.4	0.92894
77.6	0.92547
77.8	0.93836
78.0	0.93430
78.2	0.90791
78.4	0.94595
78.6	0.92243
78.8	0.91655
79.0	0.90932
79.2	0.92315
79.4	0.92063
79.6	0.90489
79.8	0.88459
80.0	0.89520
80.2	0.89450
80.4	0.90071
80.6	0.92321
80.8	0.91679
81.0	0.90083
81.2	0.88678
81.4	0.91494
81.6	0.89349
81.8	0.90121
82.0	0.88635
82.2	0.88011
82.4	0.88859
82.6	0.94508
82.8	0.89567
83.0	0.90945
83.2	0.87356
83.4	0.90513
83.6	0.86325
83.8	0.87671
84.0	0.89724
84.2	0.90062
84.4	0.90907
84.6	0.87105
84.8	0.92612
85.0	0.85630
85.2	0.86006
85.4	0.88866
85.6	0.85068
85.8	0.85281
86.0	0.87126
86.2	0.87687
86.4	0.89578
86.6	0.87744
86.8	0.88097
87.0	0.86849
87.2	0.83864
87.4	0.90004
87.6	0.84365
87.8	0.87589
88.0	0.85299
88.2	0.84685
88.4	0.85916
88.6	0.88716
88.8	0.85707
89.0	0.85299
89.2	0.85696
89.4	0.84616
89.6	0.83717
89.8	0.86313
90.0	0.86265
90.2	0.89208
90.4	0.86074
90.6	0.83527
90.8	0.85620
91.0	0.84556
91.2	0.84226
91.4	0.84599
91.6	0.85222
91.8	0.88320
92.0	0.81306
92.2	0.85134
92.4	0.85726
92.6	0.87359
92.8	0.82900
93.0	0.85405
93.2	0.82726
93.4	0.83621
93.6	0.82234
93.8	0.84033
94.0	0.83265
94.2	0.85360
94.4	0.85662
94.6	0.82383
94.8	0.83566
95.0	0.81356
95.2	0.82050
95.4	0.87627
95.6	0.79768
95.8	0.81363
96.0	0.84762
96.2	0.82503
96.4	0.84900
96.6	0.80806
96.8	0.81619
97.0	0.81876
97.2	0.82749
97.4	0.81231
97.6	0.82442
97.8	0.82265
98.0	0.83914
98.2	0.83248
98.4	0.83218
98.6	0.77278
98.8	0.85009
99.0	0.80562
99.2	0.84796
99.4	0.80490
99.6	0.83662
99.8	0.82122
100.0	0.81284
100.2	0.82240
100.4	0.79470
100.6	0.83294
100.8	0.84259
101.0	0.78430
101.2	0.83616
101.4	0.82951
101.6	0.80629
101.8	0.79402
102.0	0.81227
102.2	0.82272
102.4	0.78385
102.6	0.78942
102.8	0.80511
103.0	0.83221
103.2	0.82551
103.4	0.78814
103.6	0.78981
103.8	0.78470
104.0	0.78803
104.2	0.81121
104.4	0.80661
104.6	0.81728
104.8	0.82027
105.0	0.82529
105.2	0.81796
105.4	0.78496
105.6	0.81152
105.8	0.82565
106.0	0.78740
106.2	0.83774
106.4	0.81368
106.6	0.79947
106.8	0.82503
107.0	0.78465
107.2	0.76770
107.4	0.81790
107.6	0.79483
107.8	0.81981
108.0	0.79082
108.2	0.79474
108.4	0.76651
108.6	0.82340
108.8	0.78366
109.0	0.81160
109.2	0.79469
109.4	0.83626
109.6	0.78756
109.8	0.77133
110.0	0.80864
110.2	0.81754
110.4	0.80551
110.6	0.80291
110.8	0.78847
111.0	0.78628
111.2	0.83065
111.4	0.80857
111.6	0.77603
111.8	0.77129
112.0	0.78203
112.2	0.82199
112.4	0.84036
112.6	0.79661
112.8	0.77070
113.0	0.80164
113.2	0.78947
113.4	0.78670
113.6	0.76735
113.8	0.80101
114.0	0.82438
114.2	0.76385
114.4	0.77798
114.6	0.78228
114.8	0.77651
115.0	0.80098
115.2	0.79009
115.4	0.77189
115.6	0.78852
115.8	0.75869
116.0	0.77417
116.2	0.80026
116.4	0.80425
116.6	0.79739
116.8	0.80312
117.0	0.77224
117.2	0.77776
117.4	0.78819
117.6	0.80217
117.8	0.78402
118.0	0.77600
118.2	0.80124
118.4	0.74600
118.6	0.81987
118.8	0.81826
119.0	0.78940
119.2	0.77709
119.4	0.78899
119.6	0.77562
119.8	0.75953
120.0	0.80387
120.2	0.75425
120.4	0.77025
120.6	0.76414
120.8	0.79419
121.0	0.79130
121.2	0.79208
121.4	1.42806
121.6	-0.64396
121.8	-5.31384
122.0	1.45193
122.2	0.60037
122.4	0.73150
122.6	0.80654
122.8	1.00032
123.0	0.76599
123.2	0.77242
123.4	0.77290
123.6	0.84277
123.8	0.79797
124.0	0.75457
124.2	0.59880
124.4	1.12817
124.6	0.15675
124.8	0.70351
125.0	-3.63473
125.2	0.97866
125.4	1.37176
125.6	0.86212
125.8	0.75819
126.0	0.73158
126.2	0.75358
126.4	0.78949
126.6	0.76083
126.8	0.76862
127.0	0.77304
127.2	0.81863
127.4	0.76117
127.6	0.76178
127.8	0.76591
128.0	0.75234
128.2	0.76506
128.4	0.76303
128.6	0.76727
128.8	0.77477
129.0	0.73685
129.2	0.75208
129.4	0.76925
129.6	0.78595
129.8	0.77330
130.0	0.75522
130.2	0.74250
130.4	0.76726
130.6	0.73979
130.8	0.73203
131.0	0.73984
131.2	0.74225
131.4	0.75252
131.6	0.73467
131.8	0.75623
132.0	0.74841
132.2	0.75903
132.4	0.73931
132.6	0.78781
132.8	0.78542
133.0	0.73975
133.2	0.73774
133.4	0.74420
133.6	0.77608
133.8	0.73619
134.0	0.75325
134.2	0.76974
134.4	0.76727
134.6	0.77013
134.8	0.75462
135.0	0.77887
135.2	0.74979
135.4	0.75133
135.6	0.76223
135.8	0.76190
136.0	0.74678
136.2	0.74891
136.4	0.76857
136.6	0.75771
136.8	0.75423
137.0	0.75146
137.2	0.72589
137.4	0.75854
137.6	0.74760
137.8	0.76257
138.0	0.71541
138.2	0.77684
138.4	0.70918
138.6	0.74560
138.8	0.75738
139.0	0.74848
139.2	0.73686
139.4	0.76578
139.6	0.74023
139.8	0.76282
140.0	0.73212
140.2	0.75423
140.4	0.77696
140.6	0.72651
140.8	0.76124
141.0	0.77267
141.2	0.77215
141.4	0.75572
141.6	0.75229
141.8	0.74221
142.0	0.76545
142.2	0.75279
142.4	0.73320
142.6	0.76303
142.8	0.74211
143.0	0.75168
143.2	0.72875
143.4	0.72830
143.6	0.72359
143.8	0.78644
144.0	0.74789
144.2	0.75284
144.4	0.77643
144.6	0.75203
144.8	0.74192
145.0	0.73118
145.2	0.73816
145.4	0.75254
145.6	0.75607
145.8	0.74381
146.0	0.76456
146.2	0.73430
146.4	0.77326
146.6	0.76785
146.8	0.78712
147.0	0.72114
147.2	0.80196
147.4	0.79043
147.6	0.71107
147.8	0.75485
148.0	0.74676
148.2	0.73718
148.4	0.75044
148.6	0.74754
148.8	0.73951
149.0	0.73929
149.2	0.76917
149.4	0.76367
149.6	0.76209
149.8	0.76980
150.0	0.76731
150.2	0.74661
150.4	0.76669
150.6	0.74908
150.8	0.77081
151.0	0.77357
151.2	0.75331
151.4	0.79541
151.6	0.74065
151.8	0.71812
152.0	0.74697
152.2	0.75780
152.4	0.78664
152.6	0.72560
152.8	0.73222
153.0	0.74419
153.2	0.76427
153.4	0.79033
153.6	0.77591
153.8	0.78383
154.0	0.78651
154.2	0.76648
154.4	0.77074
154.6	0.79120
154.8	0.76055
155.0	0.74553
155.2	0.73627
155.4	0.73550
155.6	0.78443
155.8	0.71423
156.0	0.76694
156.2	0.73598
156.4	0.75880
156.6	0.74871
156.8	0.77589
157.0	0.76929
157.2	0.73379
157.4	0.72683
157.6	0.74867
157.8	0.75310
158.0	0.78007
158.2	0.75088
158.4	0.75700
158.6	0.75840
158.8	0.76207
159.0	0.76392
159.2	0.75417
159.4	0.76398
159.6	0.75364
159.8	0.73450
160.0	0.79376
160.2	0.71144
160.4	0.76982
160.6	0.78259
160.8	0.74966
161.0	0.76649
161.2	0.77202
161.4	0.72483
161.6	0.73533
161.8	0.71406
162.0	0.73091
162.2	0.74471
162.4	0.74282
162.6	0.76922
162.8	0.76396
163.0	0.75516
163.2	0.76434
163.4	0.96862
163.6	-3.04270
163.8	0.49559
164.0	0.05055
164.2	1.01504
164.4	0.36115
164.6	1.31035
164.8	0.47702
165.0	1.07591
165.2	0.89719
165.4	0.39827
165.6	0.41481
165.8	1.92157
166.0	-0.71777
166.2	-2.47087
166.4	1.33076
166.6	1.31667
166.8	0.83798
167.0	0.73356
167.2	0.78580
167.4	0.76422
167.6	0.77544
167.8	0.76651
168.0	0.80974
168.2	0.74073
168.4	0.72770
168.6	0.77048
168.8	0.76083
169.0	0.76917
169.2	0.78741
169.4	0.74240
169.6	0.75297
169.8	0.75455
170.0	0.76261
170.2	0.77577
170.4	0.77755
170.6	0.76858
170.8	0.76215
171.0	0.72642
171.2	0.76922
171.4	0.78959
171.6	0.78771
171.8	0.75498
172.0	0.77716
172.2	0.73731
172.4	0.77743
172.6	0.77407
172.8	0.79035
173.0	0.68934
173.2	0.76148
173.4	0.77662
173.6	0.76159
173.8	0.76046
174.0	0.80501
174.2	0.72119
174.4	0.77692
174.6	0.78522
174.8	0.76049
175.0	0.75844
175.2	0.76944
175.4	0.77026
175.6	0.77497
175.8	0.75874
176.0	0.78113
176.2	0.75269
176.4	0.76944
176.6	0.75178
176.8	0.73074
177.0	0.75106
177.2	0.78573
177.4	0.73568
177.6	0.78467

