ｻﾝﾌﾟﾙ:	'1
ﾌｧｲﾙ名:	2.UDT
分析日時:	'18:29:01, 07/21/2022
ｵﾍﾟﾚｰﾀ:	北海道大学理学研究院
ｺﾒﾝﾄ:	'

光度計
ﾓﾃﾞﾙ:	U-3010形分光光度計
ｼﾘｱﾙ No.:	'1479-001
ROM Ver.:	2520 10

装置条件
測定ﾓｰﾄﾞ:	時間変化測定
ﾃﾞｰﾀﾓｰﾄﾞ:	Abs
測定時間:	300 s
測定波長:	550.00 nm
ｻﾝﾌﾟﾘﾝｸﾞ間隔:	0.2 s
初期待ち時間:	1 s
測定前ｵｰﾄｾﾞﾛ:	Off
ｽﾘｯﾄ:	2 nm
ﾎﾄﾏﾙ電圧:	自動制御
光源切換ﾓｰﾄﾞ:	自動切換
光源切換波長:	340.00 nm
ﾍﾞｰｽﾗｲﾝ設定:	ﾕｰｻﾞ 1
高分解能測定:	On
D2ﾗﾝﾌﾟ:	On
WIﾗﾝﾌﾟ:	On
ｾﾙ長補正:	On
ｾﾙ長:	10.0 mm

ﾃﾞｰﾀ処理項目
ｽﾍﾟｸﾄﾙ演算
ｽﾍﾟｸﾄﾙ1:	100.0000 * 1(DaTa28)

ﾚｰﾄ計算結果
開始 (s)	終了 (s)	Kﾌｧｸﾀ	傾き	活性度	R	R2
0.0	60.0	1.000000	-2.20596	-2.20596	0.808486	0.65365

ﾋﾟｰｸ検出
検出方法:	Rectangular
感度:	1
しきい値:	0.0100

ﾋﾟｰｸ
ﾋﾟｰｸ No.	開始 (s)	ﾋﾟｰｸ (s)	終了 (s)	高さ (Abs)	ﾊﾞﾚｰ (s)	ﾊﾞﾚｰ (Abs)
1	0.0	1.6	2.2	5.24866	2.2	5.16993
2	2.2	6.4	8.6	5.24408	8.6	5.19251
3	8.6	11.2	12.4	5.23984	12.4	5.19112
4	12.4	14.0	15.0	5.24989	15.0	5.16980
5	15.0	17.0	18.8	5.23716	18.8	5.18665
6	18.8	19.2	20.2	5.24933	20.2	5.18623
7	20.2	21.2	25.4	5.24076	25.4	-0.09595
8	25.4	25.8	28.0	5.39779	28.0	1.29741
9	28.0	28.4	83.4	5.71774	83.4	2.38303
10	83.4	83.8	101.4	2.43186	101.4	2.03025
11	101.4	102.2	110.0	2.07007	110.0	1.91280
12	110.0	110.4	117.2	1.95636	117.2	1.82217
13	117.2	118.0	124.2	1.85083	124.2	-3.24481
14	124.2	124.6	130.8	2.23912	130.8	1.47271
15	130.8	132.2	133.8	1.53711	133.8	1.46615
16	133.8	135.4	138.4	1.52588	138.4	1.49877

ﾃﾞｰﾀﾘｽﾄ
s	Abs
0.0	5.22998
0.2	5.22998
0.4	5.23512
0.6	5.21519
0.8	5.21730
1.0	5.21441
1.2	5.17580
1.4	5.18921
1.6	5.24866
1.8	5.19617
2.0	5.21478
2.2	5.16993
2.4	5.20050
2.6	5.23335
2.8	5.22547
3.0	5.23318
3.2	5.17143
3.4	5.19686
3.6	5.23950
3.8	5.22565
4.0	5.17887
4.2	5.23500
4.4	5.19810
4.6	5.19683
4.8	5.23341
5.0	5.23436
5.2	5.20559
5.4	5.20036
5.6	5.22053
5.8	5.20601
6.0	5.20906
6.2	5.23427
6.4	5.24408
6.6	5.20135
6.8	5.23215
7.0	5.21795
7.2	5.20080
7.4	5.23160
7.6	5.21776
7.8	5.20174
8.0	5.21196
8.2	5.19988
8.4	5.22945
8.6	5.19251
8.8	5.20079
9.0	5.20493
9.2	5.21417
9.4	5.22976
9.6	5.17580
9.8	5.21483
10.0	5.20138
10.2	5.21059
10.4	5.21376
10.6	5.21410
10.8	5.19704
11.0	5.23735
11.2	5.23984
11.4	5.22699
11.6	5.23221
11.8	5.20761
12.0	5.23071
12.2	5.21291
12.4	5.19112
12.6	5.20807
12.8	5.20325
13.0	5.22166
13.2	5.21960
13.4	5.21353
13.6	5.21012
13.8	5.21511
14.0	5.24989
14.2	5.23425
14.4	5.22114
14.6	5.21769
14.8	5.22719
15.0	5.16980
15.2	5.19361
15.4	5.20574
15.6	5.24004
15.8	5.22206
16.0	5.21042
16.2	5.23704
16.4	5.22352
16.6	5.23130
16.8	5.18310
17.0	5.23716
17.2	5.18449
17.4	5.22780
17.6	5.19917
17.8	5.21575
18.0	5.23248
18.2	5.20097
18.4	5.21681
18.6	5.20822
18.8	5.18665
19.0	5.20793
19.2	5.24933
19.4	5.22825
19.6	5.20337
19.8	5.22510
20.0	5.21465
20.2	5.18623
20.4	5.20614
20.6	5.19509
20.8	5.23019
21.0	5.23119
21.2	5.24076
21.4	5.23474
21.6	5.22872
21.8	5.20252
22.0	5.21644
22.2	5.20064
22.4	5.21405
22.6	5.20177
22.8	5.20869
23.0	5.21200
23.2	5.20198
23.4	5.23519
23.6	5.19253
23.8	5.15140
24.0	5.18930
24.2	5.16679
24.4	5.22166
24.6	5.19572
24.8	5.21803
25.0	4.62809
25.2	1.94150
25.4	-0.09595
25.6	5.56877
25.8	5.39779
26.0	5.05371
26.2	5.19828
26.4	5.32269
26.6	4.97133
26.8	5.26945
27.0	5.06589
27.2	5.09800
27.4	5.04472
27.6	5.22288
27.8	5.04557
28.0	1.29741
28.2	5.58497
28.4	5.71774
28.6	5.28321
28.8	5.10871
29.0	5.09578
29.2	5.08916
29.4	5.06300
29.6	5.03086
29.8	5.01721
30.0	5.04658
30.2	4.99298
30.4	4.96519
30.6	4.98164
30.8	4.94447
31.0	4.94044
31.2	4.92958
31.4	4.91200
31.6	4.90801
31.8	4.88527
32.0	4.87129
32.2	4.84471
32.4	4.84194
32.6	4.83506
32.8	4.80191
33.0	4.80987
33.2	4.72553
33.4	4.77320
33.6	4.74104
33.8	4.71791
34.0	4.70884
34.2	4.69348
34.4	4.69341
34.6	4.64986
34.8	4.63222
35.0	4.62723
35.2	4.62551
35.4	4.60752
35.6	4.57048
35.8	4.59067
36.0	4.57574
36.2	4.55870
36.4	4.51899
36.6	4.53870
36.8	4.50769
37.0	4.51620
37.2	4.49007
37.4	4.47028
37.6	4.42843
37.8	4.44675
38.0	4.43410
38.2	4.43505
38.4	4.41894
38.6	4.36843
38.8	4.37651
39.0	4.39196
39.2	4.34495
39.4	4.30002
39.6	4.30933
39.8	4.32636
40.0	4.33190
40.2	4.29223
40.4	4.27559
40.6	4.27685
40.8	4.27648
41.0	4.23968
41.2	4.19810
41.4	4.20602
41.6	4.16613
41.8	4.16617
42.0	4.17554
42.2	4.15367
42.4	4.16984
42.6	4.13115
42.8	4.12739
43.0	4.13341
43.2	4.04697
43.4	4.08432
43.6	4.07698
43.8	4.04981
44.0	4.04876
44.2	4.02510
44.4	4.01056
44.6	3.99898
44.8	4.01444
45.0	3.97042
45.2	3.98253
45.4	3.96847
45.6	3.91290
45.8	3.91790
46.0	3.94755
46.2	3.94085
46.4	3.86952
46.6	3.87406
46.8	3.87057
47.0	3.85074
47.2	3.84723
47.4	3.84260
47.6	3.83308
47.8	3.81792
48.0	3.82481
48.2	3.76806
48.4	3.77646
48.6	3.76485
48.8	3.75063
49.0	3.79361
49.2	3.73425
49.4	3.69067
49.6	3.70952
49.8	3.70303
50.0	3.71278
50.2	3.66588
50.4	3.68321
50.6	3.66696
50.8	3.61773
51.0	3.66521
51.2	3.61844
51.4	3.61226
51.6	3.62803
51.8	3.56318
52.0	3.54352
52.2	3.56871
52.4	3.55252
52.6	3.55408
52.8	3.52714
53.0	3.52235
53.2	3.52142
53.4	3.53877
53.6	3.51909
53.8	3.44789
54.0	3.47988
54.2	3.46077
54.4	3.42852
54.6	3.44658
54.8	3.42258
55.0	3.42888
55.2	3.38188
55.4	3.38418
55.6	3.41305
55.8	3.36479
56.0	3.40219
56.2	3.37885
56.4	3.36560
56.6	3.38324
56.8	3.31887
57.0	3.35716
57.2	3.31734
57.4	3.33023
57.6	3.31340
57.8	3.32099
58.0	3.28664
58.2	3.27443
58.4	3.26395
58.6	3.25526
58.8	3.25084
59.0	3.26630
59.2	3.24363
59.4	3.23346
59.6	3.19349
59.8	3.23765
60.0	3.24160
60.2	3.17471
60.4	3.19968
60.6	3.16851
60.8	3.13083
61.0	3.16833
61.2	3.16000
61.4	3.12336
61.6	3.11802
61.8	3.13614
62.0	3.11441
62.2	3.09097
62.4	3.08841
62.6	3.09731
62.8	3.09062
63.0	3.06997
63.2	3.00174
63.4	3.02881
63.6	3.04567
63.8	3.04562
64.0	2.98888
64.2	3.01951
64.4	3.00566
64.6	3.02664
64.8	2.99207
65.0	2.98303
65.2	2.98252
65.4	2.97829
65.6	2.97798
65.8	2.97976
66.0	2.96455
66.2	2.94749
66.4	2.96822
66.6	2.93638
66.8	2.91297
67.0	2.94202
67.2	2.90453
67.4	2.90037
67.6	2.85584
67.8	2.89864
68.0	2.86373
68.2	2.91611
68.4	2.86452
68.6	2.85367
68.8	2.86703
69.0	2.83925
69.2	2.82398
69.4	2.81548
69.6	2.82801
69.8	2.83322
70.0	2.81208
70.2	2.79419
70.4	2.79348
70.6	2.77832
70.8	2.77608
71.0	2.75464
71.2	2.77454
71.4	2.73351
71.6	2.78098
71.8	2.72510
72.0	2.73314
72.2	2.75810
72.4	2.71263
72.6	2.73807
72.8	2.72793
73.0	2.69660
73.2	2.73864
73.4	2.68525
73.6	2.69691
73.8	2.64953
74.0	2.67944
74.2	2.68819
74.4	2.66946
74.6	2.68520
74.8	2.63986
75.0	2.65331
75.2	2.64415
75.4	2.65209
75.6	2.62642
75.8	2.58136
76.0	2.60823
76.2	2.61154
76.4	2.60142
76.6	2.60676
76.8	2.56524
77.0	2.56878
77.2	2.57728
77.4	2.56886
77.6	2.58402
77.8	2.56830
78.0	2.53783
78.2	2.54554
78.4	2.55795
78.6	2.53627
78.8	2.52153
79.0	2.50525
79.2	2.51798
79.4	2.50267
79.6	2.50944
79.8	2.48965
80.0	2.51770
80.2	2.49904
80.4	2.51425
80.6	2.48136
80.8	2.44849
81.0	2.48261
81.2	2.45390
81.4	2.44138
81.6	2.45882
81.8	2.47114
82.0	2.44539
82.2	2.42771
82.4	2.44658
82.6	2.41700
82.8	2.41491
83.0	2.39886
83.2	2.43694
83.4	2.38303
83.6	2.41240
83.8	2.43186
84.0	2.41685
84.2	2.42196
84.4	2.37950
84.6	2.38559
84.8	2.38519
85.0	2.36670
85.2	2.34118
85.4	2.35782
85.6	2.37957
85.8	2.34068
86.0	2.33259
86.2	2.33104
86.4	2.32072
86.6	2.33170
86.8	2.33936
87.0	2.32593
87.2	2.29789
87.4	2.29103
87.6	2.31574
87.8	2.30322
88.0	2.28557
88.2	2.29842
88.4	2.29302
88.6	2.29153
88.8	2.31137
89.0	2.29660
89.2	2.30115
89.4	2.29427
89.6	2.27105
89.8	2.27047
90.0	2.23082
90.2	2.25935
90.4	2.25060
90.6	2.23325
90.8	2.22629
91.0	2.21459
91.2	2.23462
91.4	2.21238
91.6	2.25029
91.8	2.20436
92.0	2.18976
92.2	2.23996
92.4	2.22245
92.6	2.20968
92.8	2.21602
93.0	2.19005
93.2	2.17061
93.4	2.21038
93.6	2.19764
93.8	2.20865
94.0	2.21035
94.2	2.17048
94.4	2.17978
94.6	2.13933
94.8	2.17277
95.0	2.11713
95.2	2.13917
95.4	2.16957
95.6	2.14734
95.8	2.16669
96.0	2.13781
96.2	2.16738
96.4	2.10892
96.6	2.12331
96.8	2.12850
97.0	2.13930
97.2	2.13526
97.4	2.11486
97.6	2.08383
97.8	2.10538
98.0	2.10828
98.2	2.08999
98.4	2.13619
98.6	2.08944
98.8	2.09220
99.0	2.08935
99.2	2.08588
99.4	2.06548
99.6	2.11179
99.8	2.07782
100.0	2.04445
100.2	2.06685
100.4	2.03521
100.6	2.05169
100.8	2.03817
101.0	2.04486
101.2	2.04424
101.4	2.03025
101.6	2.03439
101.8	2.05588
102.0	2.04509
102.2	2.07007
102.4	2.02860
102.6	2.02783
102.8	2.00227
103.0	2.03088
103.2	2.03460
103.4	1.96422
103.6	2.00527
103.8	2.02637
104.0	2.04110
104.2	1.98706
104.4	1.99323
104.6	2.00714
104.8	1.97618
105.0	1.99970
105.2	1.98665
105.4	1.98665
105.6	1.99970
105.8	2.03606
106.0	1.93778
106.2	1.96680
106.4	1.96608
106.6	2.00327
106.8	1.97874
107.0	2.00915
107.2	1.94306
107.4	1.96013
107.6	1.95484
107.8	1.97199
108.0	1.94945
108.2	1.95924
108.4	1.97731
108.6	1.93110
108.8	1.96267
109.0	1.93689
109.2	1.93197
109.4	1.91282
109.6	1.92585
109.8	1.93608
110.0	1.91280
110.2	1.93751
110.4	1.95636
110.6	1.91648
110.8	1.90837
111.0	1.90820
111.2	1.92496
111.4	1.90190
111.6	1.90381
111.8	1.88714
112.0	1.93021
112.2	1.92474
112.4	1.86617
112.6	1.91364
112.8	1.90137
113.0	1.87391
113.2	1.88797
113.4	1.87218
113.6	1.88853
113.8	1.86749
114.0	1.90931
114.2	1.89095
114.4	1.88130
114.6	1.89247
114.8	1.86852
115.0	1.91459
115.2	1.86631
115.4	1.87094
115.6	1.87277
115.8	1.86046
116.0	1.88631
116.2	1.83338
116.4	1.85365
116.6	1.84660
116.8	1.86423
117.0	1.84004
117.2	1.82217
117.4	1.82317
117.6	1.82772
117.8	1.83895
118.0	1.85083
118.2	1.82380
118.4	1.83898
118.6	1.83617
118.8	1.84304
119.0	1.81554
119.2	1.83061
119.4	1.83364
119.6	1.82920
119.8	1.83210
120.0	1.79764
120.2	1.81651
120.4	1.79276
120.6	1.81926
120.8	1.77991
121.0	2.17102
121.2	0.64145
121.4	1.09352
121.6	1.70139
121.8	2.10209
122.0	1.32048
122.2	1.78659
122.4	1.89981
122.6	1.37232
122.8	1.66518
123.0	1.64850
123.2	1.56348
123.4	1.88637
123.6	1.33445
123.8	1.93305
124.0	0.50822
124.2	-3.24481
124.4	2.04002
124.6	2.23912
124.8	1.65969
125.0	1.50710
125.2	1.51201
125.4	1.54909
125.6	1.50390
125.8	1.54856
126.0	1.55943
126.2	1.52762
126.4	1.52381
126.6	1.48590
126.8	1.55010
127.0	1.51785
127.2	1.54290
127.4	1.52689
127.6	1.50993
127.8	1.53271
128.0	1.53265
128.2	1.53623
128.4	1.51324
128.6	1.49447
128.8	1.51168
129.0	1.49410
129.2	1.53655
129.4	1.50581
129.6	1.52882
129.8	1.51718
130.0	1.50122
130.2	1.49899
130.4	1.53042
130.6	1.49598
130.8	1.47271
131.0	1.50632
131.2	1.52524
131.4	1.52110
131.6	1.50575
131.8	1.51595
132.0	1.50785
132.2	1.53711
132.4	1.53001
132.6	1.48233
132.8	1.50764
133.0	1.49801
133.2	1.48641
133.4	1.49637
133.6	1.50470
133.8	1.46615
134.0	1.50873
134.2	1.52605
134.4	1.50498
134.6	1.51418
134.8	1.48966
135.0	1.50819
135.2	1.51738
135.4	1.52588
135.6	1.50726
135.8	1.50451
136.0	1.50804
136.2	1.52460
136.4	1.50506
136.6	1.46710
136.8	1.52427
137.0	1.50206
137.2	1.50675
137.4	1.51077
137.6	1.51651
137.8	1.52920
138.0	1.50756
138.2	1.51544
138.4	1.49877

