ｻﾝﾌﾟﾙ:	'1
ﾌｧｲﾙ名:	3.UDT
分析日時:	'19:19:44, 07/21/2022
ｵﾍﾟﾚｰﾀ:	北海道大学理学研究院
ｺﾒﾝﾄ:	'

光度計
ﾓﾃﾞﾙ:	U-3010形分光光度計
ｼﾘｱﾙ No.:	'1479-001
ROM Ver.:	2520 10

装置条件
測定ﾓｰﾄﾞ:	時間変化測定
ﾃﾞｰﾀﾓｰﾄﾞ:	Abs
測定時間:	300 s
測定波長:	550.00 nm
ｻﾝﾌﾟﾘﾝｸﾞ間隔:	0.2 s
初期待ち時間:	1 s
測定前ｵｰﾄｾﾞﾛ:	Off
ｽﾘｯﾄ:	2 nm
ﾎﾄﾏﾙ電圧:	自動制御
光源切換ﾓｰﾄﾞ:	自動切換
光源切換波長:	340.00 nm
ﾍﾞｰｽﾗｲﾝ設定:	ﾕｰｻﾞ 1
高分解能測定:	On
D2ﾗﾝﾌﾟ:	On
WIﾗﾝﾌﾟ:	On
ｾﾙ長補正:	On
ｾﾙ長:	10.0 mm

ﾃﾞｰﾀ処理項目
ｽﾍﾟｸﾄﾙ演算
ｽﾍﾟｸﾄﾙ1:	100.0000 * 1(DaTa29)

ﾚｰﾄ計算結果
開始 (s)	終了 (s)	Kﾌｧｸﾀ	傾き	活性度	R	R2
0.0	60.0	1.000000	-1.87899	-1.87899	0.681039	0.463814

ﾋﾟｰｸ検出
検出方法:	Rectangular
感度:	1
しきい値:	0.0100

ﾋﾟｰｸ
ﾋﾟｰｸ No.	開始 (s)	ﾋﾟｰｸ (s)	終了 (s)	高さ (Abs)	ﾊﾞﾚｰ (s)	ﾊﾞﾚｰ (Abs)
1	0.0	0.6	7.4	7.87393	7.4	7.80905
2	7.4	11.8	13.0	7.86182	13.0	7.81384
3	13.0	14.2	16.2	7.86506	16.2	7.78846
4	16.2	18.2	19.0	7.85678	19.0	7.80394
5	19.0	20.4	22.8	7.85100	22.8	7.77600
6	22.8	25.0	27.4	7.85385	27.4	7.79590
7	27.4	32.2	33.2	7.82224	33.2	7.79228
8	33.2	35.0	36.8	7.84847	36.8	-0.36530
9	36.8	37.6	139.2	8.04158	139.2	2.83629
10	139.2	140.6	146.0	2.87115	146.0	2.74642
11	146.0	146.6	149.6	2.80414	149.6	2.69748
12	149.6	150.0	159.2	2.76263	159.2	-5.18620
13	159.2	159.6	167.4	3.13985	167.4	2.23609
14	167.4	168.8	169.2	2.29499	169.2	2.21801
15	169.2	173.8	175.2	2.30229	175.2	2.29043

ﾃﾞｰﾀﾘｽﾄ
s	Abs
0.0	7.83831
0.2	7.83831
0.4	7.85115
0.6	7.87393
0.8	7.83405
1.0	7.83987
1.2	7.83738
1.4	7.84684
1.6	7.84773
1.8	7.84717
2.0	7.84019
2.2	7.83575
2.4	7.86251
2.6	7.83168
2.8	7.85258
3.0	7.82482
3.2	7.82447
3.4	7.84024
3.6	7.84407
3.8	7.84197
4.0	7.84473
4.2	7.85456
4.4	7.84212
4.6	7.84467
4.8	7.83640
5.0	7.84107
5.2	7.86741
5.4	7.82415
5.6	7.85197
5.8	7.84433
6.0	7.85927
6.2	7.86119
6.4	7.84423
6.6	7.81254
6.8	7.84754
7.0	7.81146
7.2	7.85453
7.4	7.80905
7.6	7.83553
7.8	7.83008
8.0	7.86230
8.2	7.83536
8.4	7.83420
8.6	7.85306
8.8	7.80908
9.0	7.86059
9.2	7.84051
9.4	7.84615
9.6	7.81719
9.8	7.83126
10.0	7.82979
10.2	7.83397
10.4	7.84117
10.6	7.81817
10.8	7.82685
11.0	7.85178
11.2	7.85314
11.4	7.82645
11.6	7.84165
11.8	7.86182
12.0	7.83663
12.2	7.83643
12.4	7.83143
12.6	7.85682
12.8	7.83799
13.0	7.81384
13.2	7.82900
13.4	7.85002
13.6	7.84195
13.8	7.81695
14.0	7.83927
14.2	7.86506
14.4	7.80174
14.6	7.84624
14.8	7.83317
15.0	7.81630
15.2	7.85196
15.4	7.83474
15.6	7.82781
15.8	7.84088
16.0	7.83985
16.2	7.78846
16.4	7.86360
16.6	7.81578
16.8	7.79361
17.0	7.79122
17.2	7.85626
17.4	7.81523
17.6	7.83790
17.8	7.82514
18.0	7.84164
18.2	7.85678
18.4	7.82418
18.6	7.81629
18.8	7.80513
19.0	7.80394
19.2	7.80733
19.4	7.82971
19.6	7.81482
19.8	7.80741
20.0	7.81572
20.2	7.83522
20.4	7.85100
20.6	7.81745
20.8	7.83786
21.0	7.79540
21.2	7.80485
21.4	7.83074
21.6	7.82213
21.8	7.83779
22.0	7.80716
22.2	7.79470
22.4	7.81447
22.6	7.84005
22.8	7.77600
23.0	7.81262
23.2	7.83371
23.4	7.81261
23.6	7.82088
23.8	7.81785
24.0	7.82769
24.2	7.83332
24.4	7.80686
24.6	7.85124
24.8	7.82428
25.0	7.85385
25.2	7.82279
25.4	7.83548
25.6	7.80055
25.8	7.80689
26.0	7.80528
26.2	7.80243
26.4	7.81104
26.6	7.80665
26.8	7.83056
27.0	7.80301
27.2	7.80486
27.4	7.79590
27.6	7.80399
27.8	7.82804
28.0	7.79801
28.2	7.81934
28.4	7.80814
28.6	7.82474
28.8	7.80796
29.0	7.83353
29.2	7.82529
29.4	7.82655
29.6	7.84590
29.8	7.82619
30.0	7.76291
30.2	7.89014
30.4	7.77994
30.6	7.82913
30.8	7.80923
31.0	7.81643
31.2	7.81475
31.4	7.82072
31.6	7.81545
31.8	7.80810
32.0	7.80993
32.2	7.82224
32.4	7.80096
32.6	7.80210
32.8	7.81521
33.0	7.80134
33.2	7.79228
33.4	7.82073
33.6	7.84095
33.8	7.79913
34.0	7.81944
34.2	7.81529
34.4	7.80897
34.6	7.82474
34.8	7.78859
35.0	7.84847
35.2	7.80431
35.4	7.78226
35.6	7.77866
35.8	7.80840
36.0	7.82149
36.2	7.77604
36.4	7.87695
36.6	7.91742
36.8	-0.36530
37.0	9.16471
37.2	7.74276
37.4	7.78365
37.6	8.04158
37.8	7.53833
38.0	7.65047
38.2	7.85032
38.4	7.77335
38.6	7.57642
38.8	7.13861
39.0	7.39970
39.2	7.93481
39.4	8.10605
39.6	7.48381
39.8	5.68030
40.0	7.93154
40.2	7.61512
40.4	7.81796
40.6	7.63640
40.8	7.50691
41.0	7.47834
41.2	7.45282
41.4	7.40961
41.6	7.37937
41.8	7.37574
42.0	7.34964
42.2	7.33634
42.4	7.33575
42.6	7.26667
42.8	7.27856
43.0	7.28880
43.2	7.24798
43.4	7.21416
43.6	7.17211
43.8	7.18003
44.0	7.17216
44.2	7.11818
44.4	7.11980
44.6	7.11285
44.8	7.08265
45.0	7.04273
45.2	7.05689
45.4	7.01187
45.6	7.00848
45.8	6.96833
46.0	6.97042
46.2	6.94548
46.4	6.91650
46.6	6.91955
46.8	6.86648
47.0	6.85182
47.2	6.88720
47.4	6.82635
47.6	6.82063
47.8	6.78116
48.0	6.78712
48.2	6.73967
48.4	6.76080
48.6	6.72932
48.8	6.68651
49.0	6.65297
49.2	6.66585
49.4	6.63609
49.6	6.63280
49.8	6.62164
50.0	6.57381
50.2	6.56546
50.4	6.58028
50.6	6.55565
50.8	6.49720
51.0	6.50093
51.2	6.48653
51.4	6.44337
51.6	6.47545
51.8	6.45625
52.0	6.40912
52.2	6.38813
52.4	6.36354
52.6	6.32838
52.8	6.34196
53.0	6.34430
53.2	6.31358
53.4	6.31344
53.6	6.28687
53.8	6.25536
54.0	6.20901
54.2	6.23888
54.4	6.22921
54.6	6.19117
54.8	6.16034
55.0	6.15078
55.2	6.12355
55.4	6.11843
55.6	6.11380
55.8	6.08097
56.0	6.07248
56.2	6.05120
56.4	6.05396
56.6	6.01610
56.8	6.01630
57.0	5.99891
57.2	5.99563
57.4	5.97513
57.6	5.97218
57.8	5.94524
58.0	5.94228
58.2	5.91301
58.4	5.85910
58.6	5.86373
58.8	5.88438
59.0	5.82864
59.2	5.84378
59.4	5.81831
59.6	5.80027
59.8	5.79680
60.0	5.79126
60.2	5.77699
60.4	5.73820
60.6	5.73248
60.8	5.70971
61.0	5.67940
61.2	5.70539
61.4	5.65941
61.6	5.65591
61.8	5.61962
62.0	5.63075
62.2	5.60515
62.4	5.60195
62.6	5.57682
62.8	5.54275
63.0	5.54143
63.2	5.53256
63.4	5.51363
63.6	5.54304
63.8	5.49943
64.0	5.47750
64.2	5.48274
64.4	5.50035
64.6	5.45932
64.8	5.44623
65.0	5.37142
65.2	5.41216
65.4	5.41403
65.6	5.38285
65.8	5.37990
66.0	5.33393
66.2	5.34891
66.4	5.31212
66.6	5.31949
66.8	5.32231
67.0	5.33654
67.2	5.31586
67.4	5.27761
67.6	5.23893
67.8	5.21827
68.0	5.22312
68.2	5.22771
68.4	5.21947
68.6	5.18556
68.8	5.18898
69.0	5.16796
69.2	5.14055
69.4	5.15790
69.6	5.13866
69.8	5.12112
70.0	5.10621
70.2	5.10498
70.4	5.10167
70.6	5.06532
70.8	5.05514
71.0	5.08258
71.2	5.02329
71.4	5.05890
71.6	5.02288
71.8	4.99584
72.0	4.99922
72.2	4.95660
72.4	4.94176
72.6	4.94565
72.8	4.95832
73.0	4.91264
73.2	4.88886
73.4	4.89638
73.6	4.87853
73.8	4.89355
74.0	4.89566
74.2	4.86485
74.4	4.84808
74.6	4.88368
74.8	4.84156
75.0	4.82849
75.2	4.85228
75.4	4.78439
75.6	4.81596
75.8	4.75479
76.0	4.75884
76.2	4.73686
76.4	4.74184
76.6	4.76607
76.8	4.69789
77.0	4.71180
77.2	4.71492
77.4	4.70588
77.6	4.68352
77.8	4.68563
78.0	4.65778
78.2	4.65608
78.4	4.63997
78.6	4.63561
78.8	4.63917
79.0	4.63625
79.2	4.58482
79.4	4.56403
79.6	4.60004
79.8	4.57766
80.0	4.58789
80.2	4.58214
80.4	4.54025
80.6	4.50131
80.8	4.54783
81.0	4.50587
81.2	4.47992
81.4	4.50189
81.6	4.49266
81.8	4.48072
82.0	4.49195
82.2	4.47146
82.4	4.44337
82.6	4.44844
82.8	4.42573
83.0	4.38407
83.2	4.42295
83.4	4.37179
83.6	4.39099
83.8	4.36621
84.0	4.37057
84.2	4.38226
84.4	4.34328
84.6	4.34731
84.8	4.32844
85.0	4.31551
85.2	4.32146
85.4	4.33267
85.6	4.29619
85.8	4.28655
86.0	4.28626
86.2	4.28556
86.4	4.27286
86.6	4.25161
86.8	4.23216
87.0	4.23568
87.2	4.25321
87.4	4.23198
87.6	4.20970
87.8	4.21554
88.0	4.18805
88.2	4.17112
88.4	4.19183
88.6	4.17136
88.8	4.16835
89.0	4.15242
89.2	4.09900
89.4	4.14347
89.6	4.12282
89.8	4.11978
90.0	4.11439
90.2	4.12455
90.4	4.10491
90.6	4.10863
90.8	4.08804
91.0	4.07963
91.2	4.09343
91.4	4.06476
91.6	4.06286
91.8	4.02380
92.0	4.03325
92.2	4.00601
92.4	3.98503
92.6	4.00475
92.8	4.01707
93.0	4.01987
93.2	3.95755
93.4	3.97863
93.6	3.95694
93.8	3.98313
94.0	3.94521
94.2	3.96181
94.4	3.95004
94.6	3.93529
94.8	3.90899
95.0	3.93757
95.2	3.90125
95.4	3.89285
95.6	3.92926
95.8	3.89732
96.0	3.90263
96.2	3.88535
96.4	3.89783
96.6	3.85104
96.8	3.87385
97.0	3.83527
97.2	3.84249
97.4	3.83903
97.6	3.81412
97.8	3.81074
98.0	3.82097
98.2	3.82215
98.4	3.79227
98.6	3.80780
98.8	3.80004
99.0	3.79807
99.2	3.81620
99.4	3.77185
99.6	3.76455
99.8	3.77731
100.0	3.71245
100.2	3.72789
100.4	3.72166
100.6	3.73275
100.8	3.73445
101.0	3.73941
101.2	3.75279
101.4	3.70360
101.6	3.70697
101.8	3.72241
102.0	3.66648
102.2	3.68511
102.4	3.65176
102.6	3.66698
102.8	3.64595
103.0	3.65464
103.2	3.63328
103.4	3.64965
103.6	3.66666
103.8	3.62261
104.0	3.63352
104.2	3.58675
104.4	3.63238
104.6	3.61206
104.8	3.60614
105.0	3.59385
105.2	3.58342
105.4	3.56346
105.6	3.59575
105.8	3.56727
106.0	3.55982
106.2	3.57804
106.4	3.55527
106.6	3.55649
106.8	3.52162
107.0	3.55863
107.2	3.56674
107.4	3.51800
107.6	3.51962
107.8	3.51259
108.0	3.54092
108.2	3.50064
108.4	3.49476
108.6	3.51099
108.8	3.48939
109.0	3.48510
109.2	3.46826
109.4	3.49948
109.6	3.46911
109.8	3.44694
110.0	3.45996
110.2	3.47111
110.4	3.43635
110.6	3.41668
110.8	3.44305
111.0	3.45452
111.2	3.40558
111.4	3.41404
111.6	3.37434
111.8	3.40670
112.0	3.38341
112.2	3.38288
112.4	3.40021
112.6	3.37117
112.8	3.37832
113.0	3.37235
113.2	3.41192
113.4	3.41691
113.6	3.34107
113.8	3.33998
114.0	3.32840
114.2	3.34949
114.4	3.32997
114.6	3.34608
114.8	3.27426
115.0	3.34208
115.2	3.32597
115.4	3.31258
115.6	3.31771
115.8	3.29693
116.0	3.28703
116.2	3.31232
116.4	3.28004
116.6	3.27952
116.8	3.28744
117.0	3.27716
117.2	3.27205
117.4	3.25631
117.6	3.22223
117.8	3.25226
118.0	3.24304
118.2	3.21581
118.4	3.25772
118.6	3.23173
118.8	3.22658
119.0	3.25285
119.2	3.22542
119.4	3.22462
119.6	3.25119
119.8	3.20876
120.0	3.19238
120.2	3.20606
120.4	3.19164
120.6	3.19497
120.8	3.19064
121.0	3.18713
121.2	3.20487
121.4	3.18585
121.6	3.15970
121.8	3.16476
122.0	3.16472
122.2	3.15572
122.4	3.17575
122.6	3.16798
122.8	3.13993
123.0	3.18184
123.2	3.16520
123.4	3.13411
123.6	3.11516
123.8	3.16416
124.0	3.13879
124.2	3.11449
124.4	3.13626
124.6	3.10376
124.8	3.10901
125.0	3.10281
125.2	3.11405
125.4	3.10906
125.6	3.09458
125.8	3.10119
126.0	3.05531
126.2	3.08950
126.4	3.09893
126.6	3.05803
126.8	3.06255
127.0	3.05671
127.2	3.07424
127.4	3.05241
127.6	3.06819
127.8	3.05025
128.0	3.03963
128.2	3.04592
128.4	3.04777
128.6	3.02029
128.8	3.01855
129.0	3.03933
129.2	3.03371
129.4	3.01245
129.6	3.05589
129.8	2.99280
130.0	3.01817
130.2	3.01466
130.4	2.99734
130.6	3.01441
130.8	2.98210
131.0	2.99195
131.2	3.00511
131.4	3.00434
131.6	2.99979
131.8	2.97532
132.0	2.94170
132.2	2.97973
132.4	2.95214
132.6	3.00025
132.8	2.94198
133.0	2.96160
133.2	2.98539
133.4	2.97282
133.6	2.92483
133.8	2.95026
134.0	2.95221
134.2	2.94787
134.4	2.94164
134.6	2.95503
134.8	2.93358
135.0	2.93662
135.2	2.93920
135.4	2.92264
135.6	2.94467
135.8	2.93042
136.0	2.92638
136.2	2.91513
136.4	2.91347
136.6	2.90523
136.8	2.91243
137.0	2.91931
137.2	2.89202
137.4	2.85141
137.6	2.88580
137.8	2.92718
138.0	2.89947
138.2	2.89689
138.4	2.88054
138.6	2.88345
138.8	2.89667
139.0	2.86122
139.2	2.83629
139.4	2.86382
139.6	2.85184
139.8	2.86373
140.0	2.86322
140.2	2.84350
140.4	2.86208
140.6	2.87115
140.8	2.86869
141.0	2.84718
141.2	2.82409
141.4	2.81340
141.6	2.84372
141.8	2.81982
142.0	2.83706
142.2	2.83024
142.4	2.82797
142.6	2.85045
142.8	2.83273
143.0	2.78581
143.2	2.81163
143.4	2.81159
143.6	2.80326
143.8	2.80575
144.0	2.77623
144.2	2.81421
144.4	2.79322
144.6	2.78739
144.8	2.77598
145.0	2.76408
145.2	2.79042
145.4	2.80274
145.6	2.77763
145.8	2.75972
146.0	2.74642
146.2	2.79078
146.4	2.79447
146.6	2.80414
146.8	2.73744
147.0	2.74797
147.2	2.75523
147.4	2.74105
147.6	2.74490
147.8	2.73266
148.0	2.71490
148.2	2.73146
148.4	2.74596
148.6	2.76198
148.8	2.73511
149.0	2.74474
149.2	2.75368
149.4	2.72932
149.6	2.69748
149.8	2.71418
150.0	2.76263
150.2	2.72068
150.4	2.72268
150.6	2.73118
150.8	2.72328
151.0	2.75620
151.2	2.71360
151.4	2.71211
151.6	2.71013
151.8	2.71683
152.0	2.74066
152.2	2.71280
152.4	2.69606
152.6	2.64581
152.8	2.69892
153.0	2.70498
153.2	2.66864
153.4	2.69196
153.6	2.68785
153.8	2.71074
154.0	2.65951
154.2	2.71408
154.4	2.68843
154.6	2.67266
154.8	2.66476
155.0	2.66714
155.2	2.65161
155.4	2.68857
155.6	2.68256
155.8	2.67400
156.0	2.65804
156.2	2.67272
156.4	2.67984
156.6	2.68375
156.8	2.65036
157.0	2.64498
157.2	2.65194
157.4	2.63224
157.6	2.62352
157.8	2.61348
158.0	2.65629
158.2	2.66056
158.4	2.64864
158.6	2.66026
158.8	2.36851
159.0	1.24553
159.2	-5.18620
159.4	3.22868
159.6	3.13985
159.8	2.29154
160.0	2.59945
160.2	2.94483
160.4	2.80835
160.6	2.68986
160.8	2.65548
161.0	2.42525
161.2	2.29025
161.4	2.80531
161.6	2.62704
161.8	-5.08202
162.0	2.43475
162.2	3.22848
162.4	2.40981
162.6	2.28660
162.8	2.27481
163.0	2.25749
163.2	2.28692
163.4	2.27000
163.6	2.27563
163.8	2.27635
164.0	2.27279
164.2	2.29770
164.4	2.26140
164.6	2.28552
164.8	2.26860
165.0	2.26857
165.2	2.25283
165.4	2.26710
165.6	2.27681
165.8	2.25882
166.0	2.27149
166.2	2.28704
166.4	2.25272
166.6	2.25069
166.8	2.23863
167.0	2.28293
167.2	2.25269
167.4	2.23609
167.6	2.28723
167.8	2.23824
168.0	2.25047
168.2	2.26864
168.4	2.27346
168.6	2.25543
168.8	2.29499
169.0	2.23119
169.2	2.21801
169.4	2.25412
169.6	2.25997
169.8	2.23880
170.0	2.24492
170.2	2.25875
170.4	2.25786
170.6	2.25871
170.8	2.25002
171.0	2.25445
171.2	2.26187
171.4	2.26884
171.6	2.26740
171.8	2.26118
172.0	2.26138
172.2	2.24907
172.4	2.29127
172.6	2.29622
172.8	2.25449
173.0	2.25571
173.2	2.26667
173.4	2.25779
173.6	2.24716
173.8	2.30229
174.0	2.28177
174.2	2.24531
174.4	2.25319
174.6	2.27959
174.8	2.23663
175.0	2.27429
175.2	2.29043

