ｻﾝﾌﾟﾙ:	'1
ﾌｧｲﾙ名:	5.UDT
分析日時:	'19:36:31, 07/21/2022
ｵﾍﾟﾚｰﾀ:	北海道大学理学研究院
ｺﾒﾝﾄ:	'

光度計
ﾓﾃﾞﾙ:	U-3010形分光光度計
ｼﾘｱﾙ No.:	'1479-001
ROM Ver.:	2520 10

装置条件
測定ﾓｰﾄﾞ:	時間変化測定
ﾃﾞｰﾀﾓｰﾄﾞ:	Abs
測定時間:	300 s
測定波長:	550.00 nm
ｻﾝﾌﾟﾘﾝｸﾞ間隔:	0.2 s
初期待ち時間:	1 s
測定前ｵｰﾄｾﾞﾛ:	Off
ｽﾘｯﾄ:	2 nm
ﾎﾄﾏﾙ電圧:	自動制御
光源切換ﾓｰﾄﾞ:	自動切換
光源切換波長:	340.00 nm
ﾍﾞｰｽﾗｲﾝ設定:	ﾕｰｻﾞ 1
高分解能測定:	On
D2ﾗﾝﾌﾟ:	On
WIﾗﾝﾌﾟ:	On
ｾﾙ長補正:	On
ｾﾙ長:	10.0 mm

ﾃﾞｰﾀ処理項目
ｽﾍﾟｸﾄﾙ演算
ｽﾍﾟｸﾄﾙ1:	100.0000 * 1(DaTa31)

ﾚｰﾄ計算結果
開始 (s)	終了 (s)	Kﾌｧｸﾀ	傾き	活性度	R	R2
0.0	60.0	1.000000	-4.76327	-4.76327	0.966934	0.934961

ﾋﾟｰｸ検出
検出方法:	Rectangular
感度:	1
しきい値:	0.0100

ﾋﾟｰｸ
ﾋﾟｰｸ No.	開始 (s)	ﾋﾟｰｸ (s)	終了 (s)	高さ (Abs)	ﾊﾞﾚｰ (s)	ﾊﾞﾚｰ (Abs)
1	0.0	5.8	6.2	13.02765	6.2	12.96146
2	6.2	7.6	9.2	13.01896	9.2	12.94537
3	9.2	9.8	11.6	13.00659	11.6	12.96979
4	11.6	13.0	166.2	13.01983	166.2	4.96147
5	166.2	166.4	172.4	4.99884	172.4	1.57600
6	172.4	172.8	177.4	4.32818	177.4	3.71963
7	177.4	181.2	183.8	3.80362	183.8	3.73631

ﾃﾞｰﾀﾘｽﾄ
s	Abs
0.0	12.97149
0.2	12.97149
0.4	13.03059
0.6	12.99513
0.8	13.00423
1.0	12.99474
1.2	12.98685
1.4	13.00037
1.6	12.96791
1.8	13.00863
2.0	12.99451
2.2	12.97557
2.4	13.00344
2.6	12.97409
2.8	12.96765
3.0	13.00917
3.2	12.99486
3.4	13.01906
3.6	12.97559
3.8	12.95740
4.0	12.97622
4.2	12.99942
4.4	13.00017
4.6	12.98965
4.8	13.00581
5.0	12.97734
5.2	13.00302
5.4	12.96032
5.6	13.01562
5.8	13.02765
6.0	12.98995
6.2	12.96146
6.4	12.99556
6.6	12.96648
6.8	12.99943
7.0	12.98294
7.2	12.99596
7.4	12.99593
7.6	13.01896
7.8	12.99031
8.0	13.00736
8.2	12.96350
8.4	12.98172
8.6	12.96288
8.8	12.99664
9.0	12.98104
9.2	12.94537
9.4	13.00437
9.6	12.99553
9.8	13.00659
10.0	12.99392
10.2	12.96261
10.4	12.98162
10.6	12.99221
10.8	12.99332
11.0	12.97771
11.2	12.97829
11.4	12.99092
11.6	12.96979
11.8	12.99653
12.0	12.99242
12.2	12.99001
12.4	12.98292
12.6	13.01927
12.8	12.98877
13.0	13.01983
13.2	12.98767
13.4	12.98329
13.6	13.00082
13.8	12.98245
14.0	12.95543
14.2	12.97386
14.4	12.98819
14.6	13.02492
14.8	11.04376
15.0	8.27817
15.2	13.55472
15.4	13.26622
15.6	12.77021
15.8	12.90854
16.0	12.59142
16.2	12.59252
16.4	12.94586
16.6	12.86968
16.8	12.42902
17.0	12.79005
17.2	12.82394
17.4	11.31911
17.6	12.64597
17.8	13.19228
18.0	13.01506
18.2	12.71699
18.4	12.63991
18.6	12.61648
18.8	12.59075
19.0	12.55222
19.2	12.54564
19.4	12.52315
19.6	12.48029
19.8	12.44916
20.0	12.45856
20.2	12.41187
20.4	12.38518
20.6	12.37343
20.8	12.31657
21.0	12.35106
21.2	12.28093
21.4	12.27447
21.6	12.23632
21.8	12.22859
22.0	12.23950
22.2	12.21414
22.4	12.14213
22.6	12.13928
22.8	12.12496
23.0	12.10760
23.2	12.09482
23.4	12.07756
23.6	12.03574
23.8	12.00246
24.0	12.00408
24.2	11.97828
24.4	11.91733
24.6	11.93820
24.8	11.91259
25.0	11.88543
25.2	11.88184
25.4	11.83016
25.6	11.81916
25.8	11.77891
26.0	11.76873
26.2	11.74646
26.4	11.73574
26.6	11.65979
26.8	11.68791
27.0	11.68328
27.2	11.64134
27.4	11.62459
27.6	11.60781
27.8	11.57966
28.0	11.55277
28.2	11.55157
28.4	11.52722
28.6	11.48825
28.8	11.47780
29.0	11.44415
29.2	11.42750
29.4	11.39691
29.6	11.38510
29.8	11.37746
30.0	11.38070
30.2	11.32288
30.4	11.31944
30.6	11.31820
30.8	11.24103
31.0	11.26825
31.2	11.22729
31.4	11.22581
31.6	11.19781
31.8	11.18754
32.0	11.20315
32.2	11.12673
32.4	11.13086
32.6	11.07572
32.8	11.09129
33.0	11.02924
33.2	11.05196
33.4	11.04230
33.6	11.01203
33.8	10.97422
34.0	10.96463
34.2	10.94288
34.4	10.90868
34.6	10.88529
34.8	10.88175
35.0	10.85554
35.2	10.84283
35.4	10.79680
35.6	10.84240
35.8	10.78908
36.0	10.75495
36.2	10.75457
36.4	10.71453
36.6	10.73760
36.8	10.68550
37.0	10.66796
37.2	10.66656
37.4	10.64675
37.6	10.58605
37.8	10.63118
38.0	10.57689
38.2	10.55893
38.4	10.61125
38.6	10.54306
38.8	10.52369
39.0	10.49663
39.2	10.49917
39.4	10.45402
39.6	10.48253
39.8	10.40146
40.0	10.41109
40.2	10.36672
40.4	10.33889
40.6	10.35652
40.8	10.31960
41.0	10.28386
41.2	10.32160
41.4	10.31686
41.6	10.26677
41.8	10.24051
42.0	10.22723
42.2	10.22323
42.4	10.19517
42.6	10.21933
42.8	10.18105
43.0	10.18219
43.2	10.15505
43.4	10.14019
43.6	10.11382
43.8	10.06924
44.0	10.10677
44.2	10.06344
44.4	10.05487
44.6	10.01252
44.8	10.02689
45.0	9.98934
45.2	9.99699
45.4	9.95147
45.6	9.96780
45.8	9.90624
46.0	9.93302
46.2	9.89052
46.4	9.86176
46.6	9.86690
46.8	9.85659
47.0	9.80129
47.2	9.77857
47.4	9.82640
47.6	9.77011
47.8	9.75662
48.0	9.74750
48.2	9.74699
48.4	9.70016
48.6	9.69332
48.8	9.70501
49.0	9.68482
49.2	9.63689
49.4	9.63151
49.6	9.65487
49.8	9.59121
50.0	9.61259
50.2	9.59982
50.4	9.58900
50.6	9.54458
50.8	9.54242
51.0	9.51769
51.2	9.51597
51.4	9.49842
51.6	9.45888
51.8	9.45378
52.0	9.41897
52.2	9.45770
52.4	9.41482
52.6	9.38049
52.8	9.38583
53.0	9.37694
53.2	9.35454
53.4	9.35144
53.6	9.35623
53.8	9.28133
54.0	9.29538
54.2	9.28246
54.4	9.26890
54.6	9.27501
54.8	9.26465
55.0	9.19718
55.2	9.22253
55.4	9.21044
55.6	9.20932
55.8	9.15824
56.0	9.16271
56.2	9.12504
56.4	9.13639
56.6	9.12082
56.8	9.08672
57.0	9.08598
57.2	9.11557
57.4	9.07038
57.6	9.04706
57.8	9.03590
58.0	9.04875
58.2	9.00455
58.4	8.96958
58.6	8.98166
58.8	8.94948
59.0	8.96098
59.2	9.00614
59.4	8.93536
59.6	8.91627
59.8	8.89045
60.0	8.91309
60.2	8.88826
60.4	8.85090
60.6	8.87694
60.8	8.77990
61.0	8.82842
61.2	8.82595
61.4	8.80451
61.6	8.79045
61.8	8.75161
62.0	8.74421
62.2	8.70749
62.4	8.71276
62.6	8.71847
62.8	8.70443
63.0	8.69264
63.2	8.68756
63.4	8.63735
63.6	8.66665
63.8	8.61708
64.0	8.61975
64.2	8.61109
64.4	8.60670
64.6	8.60644
64.8	8.55650
65.0	8.57300
65.2	8.57317
65.4	8.52896
65.6	8.50920
65.8	8.51377
66.0	8.45265
66.2	8.48712
66.4	8.47782
66.6	8.47343
66.8	8.46640
67.0	8.41032
67.2	8.43608
67.4	8.43583
67.6	8.39305
67.8	8.39819
68.0	8.39715
68.2	8.36385
68.4	8.35680
68.6	8.32261
68.8	8.33322
69.0	8.31798
69.2	8.32942
69.4	8.26973
69.6	8.25680
69.8	8.24579
70.0	8.26717
70.2	8.21254
70.4	8.22582
70.6	8.22182
70.8	8.21184
71.0	8.19425
71.2	8.16701
71.4	8.20226
71.6	8.15571
71.8	8.14161
72.0	8.09655
72.2	8.12918
72.4	8.12995
72.6	8.09364
72.8	8.07635
73.0	8.08259
73.2	8.06228
73.4	8.06092
73.6	8.03032
73.8	8.00841
74.0	8.02452
74.2	8.01615
74.4	7.98847
74.6	7.99526
74.8	8.00176
75.0	7.95751
75.2	7.94133
75.4	7.93018
75.6	7.97610
75.8	7.94344
76.0	7.94029
76.2	7.91701
76.4	7.89776
76.6	7.89840
76.8	7.87671
77.0	7.83859
77.2	7.83271
77.4	7.84399
77.6	7.81127
77.8	7.80306
78.0	7.82128
78.2	7.79331
78.4	7.81213
78.6	7.71244
78.8	7.76390
79.0	7.79222
79.2	7.73208
79.4	7.72863
79.6	7.70703
79.8	7.70399
80.0	7.70939
80.2	7.69367
80.4	7.69296
80.6	7.65870
80.8	7.65778
81.0	7.69173
81.2	7.65352
81.4	7.63534
81.6	7.61243
81.8	7.59227
82.0	7.58232
82.2	7.59073
82.4	7.57695
82.6	7.54887
82.8	7.56479
83.0	7.55169
83.2	7.54710
83.4	7.51967
83.6	7.50686
83.8	7.51701
84.0	7.44418
84.2	7.51757
84.4	7.45625
84.6	7.48981
84.8	7.47024
85.0	7.46307
85.2	7.43875
85.4	7.38028
85.6	7.39528
85.8	7.33767
86.0	7.39826
86.2	7.36944
86.4	7.38124
86.6	7.36004
86.8	7.36572
87.0	7.35878
87.2	7.35859
87.4	7.36016
87.6	7.33268
87.8	7.27774
88.0	7.32188
88.2	7.29005
88.4	7.26947
88.6	7.27335
88.8	7.27383
89.0	7.26927
89.2	7.25440
89.4	7.24569
89.6	7.22211
89.8	7.24336
90.0	7.22556
90.2	7.20100
90.4	7.19403
90.6	7.20436
90.8	7.18817
91.0	7.14697
91.2	7.15984
91.4	7.17643
91.6	7.14908
91.8	7.09802
92.0	7.15305
92.2	7.09079
92.4	7.12020
92.6	7.10660
92.8	7.04534
93.0	7.06047
93.2	7.07132
93.4	7.04306
93.6	7.06005
93.8	7.05377
94.0	7.01017
94.2	7.03812
94.4	7.00963
94.6	7.00562
94.8	6.98049
95.0	7.02345
95.2	6.98607
95.4	6.98021
95.6	6.98705
95.8	6.96547
96.0	6.94636
96.2	7.00730
96.4	6.95746
96.6	6.90809
96.8	6.90150
97.0	6.90060
97.2	6.90633
97.4	6.89815
97.6	6.88777
97.8	6.85561
98.0	6.86956
98.2	6.89401
98.4	6.83647
98.6	6.84543
98.8	6.86048
99.0	6.82544
99.2	6.81723
99.4	6.78695
99.6	6.77735
99.8	6.82559
100.0	6.83550
100.2	6.79883
100.4	6.75528
100.6	6.79112
100.8	6.77110
101.0	6.75326
101.2	6.72538
101.4	6.72206
101.6	6.72489
101.8	6.71851
102.0	6.71516
102.2	6.70559
102.4	6.73062
102.6	6.67965
102.8	6.70249
103.0	6.65077
103.2	6.64881
103.4	6.65639
103.6	6.64906
103.8	6.66940
104.0	6.60904
104.2	6.61550
104.4	6.63049
104.6	6.62486
104.8	6.59389
105.0	6.62956
105.2	6.58304
105.4	6.59158
105.6	6.56329
105.8	6.55520
106.0	6.54306
106.2	6.53748
106.4	6.55888
106.6	6.52703
106.8	6.53992
107.0	6.51651
107.2	6.48222
107.4	6.53780
107.6	6.47356
107.8	6.46775
108.0	6.46790
108.2	6.45813
108.4	6.46423
108.6	6.46017
108.8	6.43950
109.0	6.47678
109.2	6.40973
109.4	6.41977
109.6	6.42771
109.8	6.41427
110.0	6.40908
110.2	6.42227
110.4	6.42847
110.6	6.42954
110.8	6.39590
111.0	6.38422
111.2	6.36059
111.4	6.35831
111.6	6.33378
111.8	6.35059
112.0	6.32920
112.2	6.31547
112.4	6.33704
112.6	6.30455
112.8	6.31290
113.0	6.32581
113.2	6.29536
113.4	6.29618
113.6	6.29685
113.8	6.26064
114.0	6.30147
114.2	6.26779
114.4	6.24209
114.6	6.27312
114.8	6.23841
115.0	6.23296
115.2	6.21951
115.4	6.22224
115.6	6.19903
115.8	6.20553
116.0	6.21751
116.2	6.20804
116.4	6.17082
116.6	6.14972
116.8	6.14093
117.0	6.18009
117.2	6.16553
117.4	6.12079
117.6	6.16364
117.8	6.13367
118.0	6.14291
118.2	6.13156
118.4	6.16606
118.6	6.12076
118.8	6.11601
119.0	6.11972
119.2	6.12026
119.4	6.10906
119.6	6.06934
119.8	6.09313
120.0	6.08230
120.2	6.07900
120.4	6.04667
120.6	6.04246
120.8	6.07189
121.0	6.04979
121.2	6.01583
121.4	6.04337
121.6	6.04062
121.8	6.02466
122.0	5.98656
122.2	6.01274
122.4	5.98968
122.6	6.01652
122.8	6.00131
123.0	5.96467
123.2	5.97689
123.4	5.93020
123.6	5.96043
123.8	5.96540
124.0	5.96197
124.2	5.96218
124.4	5.95217
124.6	5.94046
124.8	5.94179
125.0	5.93683
125.2	5.93316
125.4	5.95408
125.6	5.91583
125.8	5.89371
126.0	5.88214
126.2	5.90217
126.4	5.90239
126.6	5.84353
126.8	5.89226
127.0	5.86088
127.2	5.84802
127.4	5.88245
127.6	5.84471
127.8	5.86883
128.0	5.81371
128.2	5.86325
128.4	5.82633
128.6	5.82305
128.8	5.80181
129.0	5.82715
129.2	5.75961
129.4	5.78478
129.6	5.79098
129.8	5.79661
130.0	5.75540
130.2	5.79368
130.4	5.76061
130.6	5.75719
130.8	5.78362
131.0	5.72940
131.2	5.75825
131.4	5.73256
131.6	5.74289
131.8	5.73315
132.0	5.77164
132.2	5.71455
132.4	5.72531
132.6	5.70806
132.8	5.71125
133.0	5.67313
133.2	5.69107
133.4	5.69563
133.6	5.71608
133.8	5.68277
134.0	5.69629
134.2	5.68056
134.4	5.66354
134.6	5.64776
134.8	5.63964
135.0	5.65906
135.2	5.65216
135.4	5.64166
135.6	5.63198
135.8	5.61992
136.0	5.62683
136.2	5.65175
136.4	5.60361
136.6	5.59621
136.8	5.59677
137.0	5.57963
137.2	5.57543
137.4	5.58020
137.6	5.57268
137.8	5.55844
138.0	5.57618
138.2	5.57417
138.4	5.55104
138.6	5.55363
138.8	5.53130
139.0	5.56598
139.2	5.52999
139.4	5.52256
139.6	5.54299
139.8	5.54155
140.0	5.51854
140.2	5.49340
140.4	5.53766
140.6	5.52789
140.8	5.48526
141.0	5.50411
141.2	5.48606
141.4	5.45293
141.6	5.50197
141.8	5.50520
142.0	5.47622
142.2	5.47383
142.4	5.47580
142.6	5.41241
142.8	5.42481
143.0	5.44579
143.2	5.43020
143.4	5.44560
143.6	5.44472
143.8	5.45223
144.0	5.40678
144.2	5.44103
144.4	5.40395
144.6	5.40630
144.8	5.40832
145.0	5.38453
145.2	5.41761
145.4	5.40849
145.6	5.36076
145.8	5.40798
146.0	5.40321
146.2	5.36582
146.4	5.37035
146.6	5.35013
146.8	5.33113
147.0	5.37670
147.2	5.36998
147.4	5.34432
147.6	5.35394
147.8	5.32424
148.0	5.34631
148.2	5.33974
148.4	5.31095
148.6	5.29593
148.8	5.34323
149.0	5.29019
149.2	5.30330
149.4	5.32868
149.6	5.32086
149.8	5.27324
150.0	5.31449
150.2	5.30857
150.4	5.26191
150.6	5.28849
150.8	5.29377
151.0	5.25177
151.2	5.26165
151.4	5.24941
151.6	5.23076
151.8	5.23824
152.0	5.23428
152.2	5.25007
152.4	5.23787
152.6	5.23479
152.8	5.22734
153.0	5.20185
153.2	5.23461
153.4	5.21254
153.6	5.23802
153.8	5.22344
154.0	5.22203
154.2	5.20500
154.4	5.19210
154.6	5.20001
154.8	5.19139
155.0	5.21243
155.2	5.18330
155.4	5.20957
155.6	5.14929
155.8	5.20327
156.0	5.19613
156.2	5.16851
156.4	5.16303
156.6	5.15115
156.8	5.15424
157.0	5.13688
157.2	5.15515
157.4	5.11903
157.6	5.13716
157.8	5.13259
158.0	5.13292
158.2	5.13649
158.4	5.13685
158.6	5.11035
158.8	5.13408
159.0	5.11133
159.2	5.09882
159.4	5.12281
159.6	5.12115
159.8	5.10270
160.0	5.09817
160.2	5.05103
160.4	5.06479
160.6	5.06573
160.8	5.08744
161.0	5.05055
161.2	5.06009
161.4	5.09404
161.6	5.06057
161.8	5.05658
162.0	5.08931
162.2	5.04325
162.4	4.99176
162.6	5.03639
162.8	5.03097
163.0	5.02112
163.2	5.00712
163.4	5.03634
163.6	5.02455
163.8	5.02986
164.0	5.01205
164.2	5.04813
164.4	5.01907
164.6	5.01344
164.8	5.03791
165.0	4.99653
165.2	4.97838
165.4	4.99404
165.6	5.02035
165.8	4.98847
166.0	4.96343
166.2	4.96147
166.4	4.99884
166.6	4.96849
166.8	4.98862
167.0	4.98868
167.2	4.98466
167.4	4.96500
167.6	4.95171
167.8	4.96388
168.0	4.94528
168.2	4.90010
168.4	4.96348
168.6	4.91172
168.8	5.38602
169.0	1.86911
169.2	-0.00833
169.4	5.24029
169.6	4.83480
169.8	4.83813
170.0	4.84044
170.2	4.94929
170.4	4.66276
170.6	4.78140
170.8	4.66745
171.0	4.49243
171.2	3.78102
171.4	3.67827
171.6	3.65054
171.8	3.97970
172.0	3.40125
172.2	3.53013
172.4	1.57600
172.6	3.72478
172.8	4.32818
173.0	3.90098
173.2	3.77220
173.4	3.74422
173.6	3.74404
173.8	3.77243
174.0	3.73651
174.2	3.76653
174.4	3.76088
174.6	3.75866
174.8	3.75801
175.0	3.74372
175.2	3.75350
175.4	3.74301
175.6	3.78802
175.8	3.74812
176.0	3.75264
176.2	3.75708
176.4	3.75708
176.6	3.74277
176.8	3.76023
177.0	3.74020
177.2	3.78596
177.4	3.71963
177.6	3.78021
177.8	3.74448
178.0	3.77731
178.2	3.76284
178.4	3.75544
178.6	3.75930
178.8	3.78965
179.0	3.75693
179.2	3.74255
179.4	3.74240
179.6	3.76874
179.8	3.77571
180.0	3.76044
180.2	3.76682
180.4	3.77451
180.6	3.77090
180.8	3.77092
181.0	3.76349
181.2	3.80362
181.4	3.73920
181.6	3.75738
181.8	3.78552
182.0	3.75146
182.2	3.73518
182.4	3.79469
182.6	3.75309
182.8	3.76724
183.0	3.76675
183.2	3.74051
183.4	3.74447
183.6	3.75778
183.8	3.73631
184.0	3.75810
184.2	3.75789
184.4	3.78924
184.6	3.78951
184.8	3.76110
185.0	3.78129
185.2	3.75038
185.4	3.75412
185.6	3.76855

