ｻﾝﾌﾟﾙ:	'1
ﾌｧｲﾙ名:	7.5.UDT
分析日時:	'19:53:45, 07/21/2022
ｵﾍﾟﾚｰﾀ:	北海道大学理学研究院
ｺﾒﾝﾄ:	'

光度計
ﾓﾃﾞﾙ:	U-3010形分光光度計
ｼﾘｱﾙ No.:	'1479-001
ROM Ver.:	2520 10

装置条件
測定ﾓｰﾄﾞ:	時間変化測定
ﾃﾞｰﾀﾓｰﾄﾞ:	Abs
測定時間:	300 s
測定波長:	550.00 nm
ｻﾝﾌﾟﾘﾝｸﾞ間隔:	0.2 s
初期待ち時間:	1 s
測定前ｵｰﾄｾﾞﾛ:	Off
ｽﾘｯﾄ:	2 nm
ﾎﾄﾏﾙ電圧:	自動制御
光源切換ﾓｰﾄﾞ:	自動切換
光源切換波長:	340.00 nm
ﾍﾞｰｽﾗｲﾝ設定:	ﾕｰｻﾞ 1
高分解能測定:	On
D2ﾗﾝﾌﾟ:	On
WIﾗﾝﾌﾟ:	On
ｾﾙ長補正:	On
ｾﾙ長:	10.0 mm

ﾃﾞｰﾀ処理項目
ｽﾍﾟｸﾄﾙ演算
ｽﾍﾟｸﾄﾙ1:	100.0000 * 1(DaTa33)

ﾚｰﾄ計算結果
開始 (s)	終了 (s)	Kﾌｧｸﾀ	傾き	活性度	R	R2
0.0	60.0	1.000000	-4.19016	-4.19016	0.907478	0.823516

ﾋﾟｰｸ検出
検出方法:	Rectangular
感度:	1
しきい値:	0.0100

ﾋﾟｰｸ
ﾋﾟｰｸ No.	開始 (s)	ﾋﾟｰｸ (s)	終了 (s)	高さ (Abs)	ﾊﾞﾚｰ (s)	ﾊﾞﾚｰ (Abs)
1	0.0	2.2	6.0	19.41564	6.0	19.34619
2	6.0	7.8	11.8	19.39414	11.8	19.34594
3	11.8	13.8	16.4	19.40821	16.4	19.33647
4	16.4	16.8	17.6	19.39430	17.6	19.33653
5	17.6	18.6	19.0	19.38519	19.0	19.34866
6	19.0	22.8	26.4	19.44376	26.4	17.95951
7	26.4	26.8	166.8	19.64635	166.8	5.60128
8	166.8	168.4	171.2	5.65290	171.2	5.61517
9	171.2	172.4	181.4	5.66579	181.4	5.59714
10	181.4	183.2	188.6	5.66638	188.6	5.60561
11	188.6	190.6	191.8	5.67895	191.8	5.60232

ﾃﾞｰﾀﾘｽﾄ
s	Abs
0.0	19.36328
0.2	19.36328
0.4	19.40222
0.6	19.39172
0.8	19.36466
1.0	19.39260
1.2	19.38038
1.4	19.39492
1.6	19.32864
1.8	19.39582
2.0	19.35057
2.2	19.41564
2.4	19.40596
2.6	19.40113
2.8	19.36824
3.0	19.38702
3.2	19.37625
3.4	19.37272
3.6	19.38475
3.8	19.38804
4.0	19.37024
4.2	19.36925
4.4	19.40688
4.6	19.36762
4.8	19.38357
5.0	19.34860
5.2	19.35955
5.4	19.37849
5.6	19.38236
5.8	19.41423
6.0	19.34619
6.2	19.37974
6.4	19.38854
6.6	19.39397
6.8	19.36292
7.0	19.37976
7.2	19.39192
7.4	19.38433
7.6	19.37668
7.8	19.39414
8.0	19.38387
8.2	19.36533
8.4	19.37740
8.6	19.39123
8.8	19.36238
9.0	19.35818
9.2	19.35065
9.4	19.37672
9.6	19.37467
9.8	19.34829
10.0	19.38020
10.2	19.33729
10.4	19.40135
10.6	19.40024
10.8	19.35991
11.0	19.35728
11.2	19.37345
11.4	19.36617
11.6	19.36284
11.8	19.34594
12.0	19.36516
12.2	19.37557
12.4	19.38886
12.6	19.34240
12.8	19.38489
13.0	19.33527
13.2	19.38658
13.4	19.39555
13.6	19.38911
13.8	19.40821
14.0	19.38445
14.2	19.37765
14.4	19.34612
14.6	19.36559
14.8	19.38620
15.0	19.37679
15.2	19.34146
15.4	19.38757
15.6	19.38050
15.8	19.35219
16.0	19.35711
16.2	19.34315
16.4	19.33647
16.6	19.38921
16.8	19.39430
17.0	19.38993
17.2	19.36199
17.4	19.35241
17.6	19.33653
17.8	19.36504
18.0	19.37476
18.2	19.37666
18.4	19.37104
18.6	19.38519
18.8	19.36358
19.0	19.34866
19.2	19.36067
19.4	19.36704
19.6	19.39075
19.8	19.35675
20.0	19.36168
20.2	19.36576
20.4	19.37022
20.6	19.37605
20.8	19.32207
21.0	19.36612
21.2	19.34381
21.4	19.38100
21.6	19.34937
21.8	19.36010
22.0	19.34530
22.2	19.39494
22.4	19.35688
22.6	19.33106
22.8	19.44376
23.0	17.05798
23.2	12.38063
23.4	19.72597
23.6	19.27058
23.8	19.16122
24.0	19.07682
24.2	19.37256
24.4	19.33466
24.6	19.35966
24.8	19.00641
25.0	19.10776
25.2	18.73038
25.4	19.32881
25.6	19.20108
25.8	18.98936
26.0	18.71593
26.2	19.15962
26.4	17.95951
26.6	19.55410
26.8	19.64635
27.0	19.08467
27.2	19.01578
27.4	18.97456
27.6	18.94241
27.8	18.90165
28.0	18.93208
28.2	18.89245
28.4	18.82995
28.6	18.84533
28.8	18.82512
29.0	18.77639
29.2	18.75191
29.4	18.75988
29.6	18.71131
29.8	18.67646
30.0	18.65042
30.2	18.64584
30.4	18.61974
30.6	18.63915
30.8	18.59774
31.0	18.57558
31.2	18.52727
31.4	18.48691
31.6	18.47708
31.8	18.42881
32.0	18.38789
32.2	18.42247
32.4	18.40079
32.6	18.33889
32.8	18.34181
33.0	18.34336
33.2	18.29249
33.4	18.25179
33.6	18.24857
33.8	18.17996
34.0	18.19413
34.2	18.16872
34.4	18.18112
34.6	18.09375
34.8	18.12652
35.0	18.07053
35.2	18.05928
35.4	18.05109
35.6	18.02650
35.8	18.00420
36.0	17.96853
36.2	17.95348
36.4	17.91129
36.6	17.88775
36.8	17.89593
37.0	17.84331
37.2	17.84091
37.4	17.79499
37.6	17.79421
37.8	17.78789
38.0	17.76850
38.2	17.73985
38.4	17.72566
38.6	17.66747
38.8	17.68566
39.0	17.66040
39.2	17.62709
39.4	17.59750
39.6	17.55167
39.8	17.55026
40.0	17.51408
40.2	17.49118
40.4	17.49498
40.6	17.49584
40.8	17.43886
41.0	17.43027
41.2	17.41085
41.4	17.39893
41.6	17.38827
41.8	17.32648
42.0	17.33680
42.2	17.33739
42.4	17.27457
42.6	17.32564
42.8	17.22586
43.0	17.21413
43.2	17.19232
43.4	17.17124
43.6	17.15676
43.8	17.15507
44.0	17.12132
44.2	17.13462
44.4	17.05122
44.6	17.06891
44.8	17.00305
45.0	17.03277
45.2	16.96997
45.4	16.93813
45.6	16.96248
45.8	16.92230
46.0	16.90980
46.2	16.89266
46.4	16.86926
46.6	16.84362
46.8	16.81918
47.0	16.81873
47.2	16.79058
47.4	16.76035
47.6	16.76678
47.8	16.74480
48.0	16.73994
48.2	16.67205
48.4	16.65082
48.6	16.65088
48.8	16.66281
49.0	16.62162
49.2	16.57254
49.4	16.56324
49.6	16.54881
49.8	16.55819
50.0	16.50397
50.2	16.50236
50.4	16.49072
50.6	16.46599
50.8	16.41222
51.0	16.39943
51.2	16.42570
51.4	16.38023
51.6	16.36929
51.8	16.36499
52.0	16.30332
52.2	16.28753
52.4	16.27348
52.6	16.25920
52.8	16.21694
53.0	16.21513
53.2	16.19429
53.4	16.18742
53.6	16.16610
53.8	16.13300
54.0	16.12191
54.2	16.08277
54.4	16.09726
54.6	16.07319
54.8	16.05048
55.0	16.01515
55.2	16.01845
55.4	16.00924
55.6	15.99700
55.8	15.93871
56.0	15.94992
56.2	15.93499
56.4	15.92546
56.6	15.88403
56.8	15.87906
57.0	15.86620
57.2	15.86629
57.4	15.84762
57.6	15.78340
57.8	15.78416
58.0	15.74655
58.2	15.75679
58.4	15.72404
58.6	15.74882
58.8	15.65054
59.0	15.70854
59.2	15.63673
59.4	15.62752
59.6	15.62625
59.8	15.60485
60.0	15.56647
60.2	15.56575
60.4	15.53870
60.6	15.50724
60.8	15.50032
61.0	15.46370
61.2	15.47205
61.4	15.45752
61.6	15.45483
61.8	15.41834
62.0	15.38495
62.2	15.41956
62.4	15.39974
62.6	15.36369
62.8	15.35827
63.0	15.30001
63.2	15.33973
63.4	15.27497
63.6	15.27224
63.8	15.25484
64.0	15.21966
64.2	15.20339
64.4	15.19697
64.6	15.15516
64.8	15.16156
65.0	15.12471
65.2	15.10995
65.4	15.12290
65.6	15.06928
65.8	15.06867
66.0	15.02729
66.2	15.05706
66.4	14.97334
66.6	15.03384
66.8	15.01845
67.0	14.98058
67.2	14.96053
67.4	14.95070
67.6	14.95449
67.8	14.91957
68.0	14.89304
68.2	14.87450
68.4	14.88723
68.6	14.85682
68.8	14.86787
69.0	14.79990
69.2	14.79472
69.4	14.79018
69.6	14.75011
69.8	14.75063
70.0	14.74228
70.2	14.71848
70.4	14.68631
70.6	14.69743
70.8	14.64221
71.0	14.64709
71.2	14.60322
71.4	14.60764
71.6	14.61824
71.8	14.59183
72.0	14.56325
72.2	14.53940
72.4	14.52223
72.6	14.54231
72.8	14.49372
73.0	14.50631
73.2	14.51458
73.4	14.47796
73.6	14.43362
73.8	14.42509
74.0	14.42384
74.2	14.41926
74.4	14.38173
74.6	14.32525
74.8	14.33874
75.0	14.33592
75.2	14.31454
75.4	14.30723
75.6	14.28541
75.8	14.26576
76.0	14.24884
76.2	14.25178
76.4	14.22753
76.6	14.21595
76.8	14.19044
77.0	14.18422
77.2	14.16162
77.4	14.12012
77.6	14.12969
77.8	14.12257
78.0	14.11447
78.2	14.09393
78.4	14.08030
78.6	14.04939
78.8	14.01610
79.0	14.01319
79.2	13.98354
79.4	13.97769
79.6	13.98664
79.8	13.94286
80.0	13.94974
80.2	13.92111
80.4	13.96431
80.6	13.90454
80.8	13.89487
81.0	13.90225
81.2	13.87136
81.4	13.87396
81.6	13.88660
81.8	13.76792
82.0	13.80010
82.2	13.77096
82.4	13.77579
82.6	13.72718
82.8	13.78501
83.0	13.71937
83.2	13.73909
83.4	13.68427
83.6	13.66184
83.8	13.68348
84.0	13.64249
84.2	13.63443
84.4	13.62031
84.6	13.63729
84.8	13.60863
85.0	13.57899
85.2	13.59472
85.4	13.56196
85.6	13.53042
85.8	13.54912
86.0	13.50074
86.2	13.53222
86.4	13.46106
86.6	13.47398
86.8	13.47906
87.0	13.46331
87.2	13.42806
87.4	13.46351
87.6	13.42101
87.8	13.39558
88.0	13.37873
88.2	13.36917
88.4	13.32250
88.6	13.29776
88.8	13.31988
89.0	13.31802
89.2	13.27892
89.4	13.27411
89.6	13.27565
89.8	13.24672
90.0	13.26131
90.2	13.24054
90.4	13.17611
90.6	13.18248
90.8	13.17255
91.0	13.16217
91.2	13.13840
91.4	13.12333
91.6	13.17960
91.8	13.11940
92.0	13.07322
92.2	13.10189
92.4	13.08074
92.6	13.05274
92.8	13.06490
93.0	13.01671
93.2	13.02024
93.4	12.99073
93.6	12.97018
93.8	13.00059
94.0	13.00509
94.2	12.96803
94.4	12.94500
94.6	12.92631
94.8	12.87996
95.0	12.90117
95.2	12.92374
95.4	12.87040
95.6	12.87394
95.8	12.78378
96.0	12.84279
96.2	12.84432
96.4	12.80948
96.6	12.79861
96.8	12.77974
97.0	12.77088
97.2	12.75999
97.4	12.73379
97.6	12.72785
97.8	12.72860
98.0	12.73882
98.2	12.67764
98.4	12.65483
98.6	12.69287
98.8	12.65965
99.0	12.65139
99.2	12.56305
99.4	12.61558
99.6	12.59616
99.8	12.60579
100.0	12.57320
100.2	12.55259
100.4	12.53673
100.6	12.52230
100.8	12.54972
101.0	12.53476
101.2	12.50678
101.4	12.47133
101.6	12.52777
101.8	12.48356
102.0	12.46017
102.2	12.44214
102.4	12.46968
102.6	12.45107
102.8	12.39835
103.0	12.41611
103.2	12.33725
103.4	12.36543
103.6	12.36444
103.8	12.32740
104.0	12.30852
104.2	12.30311
104.4	12.30919
104.6	12.23915
104.8	12.27311
105.0	12.25501
105.2	12.25832
105.4	12.26643
105.6	12.23120
105.8	12.20410
106.0	12.20078
106.2	12.24019
106.4	12.17070
106.6	12.13984
106.8	12.17005
107.0	12.15613
107.2	12.13601
107.4	12.14809
107.6	12.11427
107.8	12.09657
108.0	12.10046
108.2	12.06712
108.4	12.06301
108.6	12.05601
108.8	12.08118
109.0	12.04094
109.2	12.05639
109.4	12.03487
109.6	11.99026
109.8	12.00155
110.0	11.95912
110.2	11.94012
110.4	11.92772
110.6	11.92344
110.8	11.95054
111.0	11.91435
111.2	11.90326
111.4	11.90122
111.6	11.90361
111.8	11.90051
112.0	11.83597
112.2	11.85031
112.4	11.87285
112.6	11.82135
112.8	11.83648
113.0	11.79409
113.2	11.80850
113.4	11.77799
113.6	11.78398
113.8	11.74788
114.0	11.77608
114.2	11.70297
114.4	11.73476
114.6	11.70440
114.8	11.70224
115.0	11.71992
115.2	11.68724
115.4	11.68234
115.6	11.68239
115.8	11.64919
116.0	11.66467
116.2	11.59532
116.4	11.63456
116.6	11.61808
116.8	11.61815
117.0	11.59670
117.2	11.58054
117.4	11.57421
117.6	11.56873
117.8	11.56636
118.0	11.54051
118.2	11.53898
118.4	11.48295
118.6	11.49151
118.8	11.47470
119.0	11.49785
119.2	11.49079
119.4	11.45745
119.6	11.47652
119.8	11.41040
120.0	11.40692
120.2	11.43128
120.4	11.38495
120.6	11.35590
120.8	11.37791
121.0	11.38793
121.2	11.38220
121.4	11.37351
121.6	11.34811
121.8	11.35308
122.0	11.31837
122.2	11.34165
122.4	11.26162
122.6	11.32493
122.8	11.27064
123.0	11.27512
123.2	11.24570
123.4	11.24275
123.6	11.24906
123.8	11.20460
124.0	11.24091
124.2	11.17835
124.4	11.20041
124.6	11.20493
124.8	11.17007
125.0	11.17809
125.2	11.13668
125.4	11.12631
125.6	11.12124
125.8	11.15544
126.0	11.11073
126.2	11.08473
126.4	11.10234
126.6	11.08136
126.8	11.02591
127.0	11.07967
127.2	11.03951
127.4	11.04655
127.6	11.06271
127.8	11.04177
128.0	11.00598
128.2	10.98721
128.4	11.04292
128.6	10.99148
128.8	10.96847
129.0	10.99159
129.2	10.97567
129.4	10.97587
129.6	10.92518
129.8	10.91454
130.0	10.91481
130.2	10.94023
130.4	10.90732
130.6	10.91125
130.8	10.86511
131.0	10.86967
131.2	10.84954
131.4	10.86819
131.6	10.85145
131.8	10.83237
132.0	10.82275
132.2	10.80622
132.4	10.80698
132.6	10.79511
132.8	10.78458
133.0	10.79636
133.2	10.74993
133.4	10.77741
133.6	10.71676
133.8	10.74898
134.0	10.72819
134.2	10.70544
134.4	10.69876
134.6	10.67686
134.8	10.68711
135.0	10.68100
135.2	10.67705
135.4	10.64915
135.6	10.62610
135.8	10.62577
136.0	10.61816
136.2	10.63388
136.4	10.61855
136.6	10.58879
136.8	10.61970
137.0	10.56501
137.2	10.61546
137.4	10.56051
137.6	10.54391
137.8	10.56332
138.0	10.51554
138.2	10.49901
138.4	10.52825
138.6	10.51523
138.8	10.53510
139.0	10.50718
139.2	10.46857
139.4	10.45904
139.6	10.46321
139.8	10.45643
140.0	10.44327
140.2	10.43240
140.4	10.43595
140.6	10.42080
140.8	10.38894
141.0	10.37670
141.2	10.40041
141.4	10.36047
141.6	10.39334
141.8	10.37185
142.0	10.36948
142.2	10.36267
142.4	10.35949
142.6	10.30696
142.8	10.36154
143.0	10.29461
143.2	10.32065
143.4	10.31471
143.6	10.29286
143.8	10.29659
144.0	10.24282
144.2	10.26729
144.4	10.23432
144.6	10.26444
144.8	10.23456
145.0	10.24142
145.2	10.21878
145.4	10.20763
145.6	10.18091
145.8	10.20904
146.0	10.20094
146.2	10.21627
146.4	10.19325
146.6	10.15039
146.8	10.12964
147.0	10.15041
147.2	10.15094
147.4	10.09834
147.6	10.12512
147.8	10.10201
148.0	10.11355
148.2	10.10735
148.4	10.11060
148.6	10.09161
148.8	10.07258
149.0	10.09003
149.2	10.06706
149.4	10.04480
149.6	10.05262
149.8	10.00613
150.0	10.04192
150.2	10.00325
150.4	10.01160
150.6	9.97177
150.8	10.00032
151.0	9.96801
151.2	10.00277
151.4	9.96860
151.6	9.96020
151.8	9.96070
152.0	9.94674
152.2	9.94969
152.4	9.92398
152.6	9.91602
152.8	9.90923
153.0	9.87791
153.2	9.87340
153.4	9.92573
153.6	9.94893
153.8	9.84545
154.0	9.84425
154.2	9.85355
154.4	9.83137
154.6	9.82147
154.8	9.84617
155.0	9.79163
155.2	9.81993
155.4	9.80337
155.6	9.81319
155.8	9.75723
156.0	9.79004
156.2	9.77806
156.4	9.79317
156.6	9.73838
156.8	9.76110
157.0	9.75483
157.2	9.75871
157.4	9.74098
157.6	9.71753
157.8	9.71548
158.0	9.71605
158.2	9.69318
158.4	9.67860
158.6	9.68658
158.8	9.67880
159.0	9.67323
159.2	9.69354
159.4	9.67624
159.6	9.62726
159.8	9.60575
160.0	9.63579
160.2	9.63057
160.4	9.61342
160.6	9.60181
160.8	9.64063
161.0	9.59165
161.2	9.60201
161.4	9.57777
161.6	9.57747
161.8	9.84718
162.0	9.02793
162.2	2.29683
162.4	10.89669
162.6	9.45718
162.8	9.45754
163.0	9.66903
163.2	9.89869
163.4	9.39473
163.6	8.74233
163.8	6.05911
164.0	5.67807
164.2	5.46530
164.4	5.91784
164.6	5.75487
164.8	5.84363
165.0	4.93680
165.2	4.04655
165.4	6.15209
165.6	6.19676
165.8	5.68704
166.0	5.63781
166.2	5.63458
166.4	5.62721
166.6	5.65453
166.8	5.60128
167.0	5.62695
167.2	5.64212
167.4	5.62164
167.6	5.61050
167.8	5.63316
168.0	5.62844
168.2	5.63510
168.4	5.65290
168.6	5.63478
168.8	5.62735
169.0	5.62311
169.2	5.61809
169.4	5.62815
169.6	5.63384
169.8	5.64090
170.0	5.64260
170.2	5.62118
170.4	5.64090
170.6	5.59381
170.8	5.61623
171.0	5.65337
171.2	5.61517
171.4	5.62338
171.6	5.62796
171.8	5.65278
172.0	5.62266
172.2	5.59138
172.4	5.66579
172.6	5.62686
172.8	5.63741
173.0	5.61944
173.2	5.65499
173.4	5.60156
173.6	5.65861
173.8	5.62381
174.0	5.62272
174.2	5.62679
174.4	5.60543
174.6	5.62929
174.8	5.63262
175.0	5.65336
175.2	5.62617
175.4	5.59197
175.6	5.65371
175.8	5.61041
176.0	5.65874
176.2	5.61517
176.4	5.62099
176.6	5.63064
176.8	5.63489
177.0	5.65231
177.2	5.63665
177.4	5.60718
177.6	5.64083
177.8	5.60641
178.0	5.64621
178.2	5.60054
178.4	5.66124
178.6	5.59450
178.8	5.62537
179.0	5.64209
179.2	5.62520
179.4	5.63239
179.6	5.60668
179.8	5.62257
180.0	5.61698
180.2	5.62563
180.4	5.61855
180.6	5.62228
180.8	5.60833
181.0	5.62018
181.2	5.64854
181.4	5.59714
181.6	5.63208
181.8	5.64634
182.0	5.64308
182.2	5.60793
182.4	5.60825
182.6	5.61730
182.8	5.64168
183.0	5.63062
183.2	5.66638
183.4	5.59881
183.6	5.63570
183.8	5.65823
184.0	5.60448
184.2	5.62363
184.4	5.61543
184.6	5.67822
184.8	5.59693
185.0	5.57165
185.2	5.64344
185.4	5.61040
185.6	5.63387
185.8	5.62879
186.0	5.60846
186.2	5.62172
186.4	5.62002
186.6	5.59975
186.8	5.63553
187.0	5.61648
187.2	5.63080
187.4	5.63319
187.6	5.61322
187.8	5.61067
188.0	5.60811
188.2	5.64164
188.4	5.61397
188.6	5.60561
188.8	5.63813
189.0	5.61733
189.2	5.66817
189.4	5.61313
189.6	5.60215
189.8	5.63030
190.0	5.65132
190.2	5.62602
190.4	5.64361
190.6	5.67895
190.8	5.63081
191.0	5.62404
191.2	5.61664
191.4	5.64155
191.6	5.61231
191.8	5.60232
192.0	5.61788
192.2	5.61902
192.4	5.62227
192.6	5.60937
192.8	5.61458
193.0	5.61676
193.2	5.62050
193.4	5.62776
193.6	5.60618
193.8	5.64109
194.0	5.61533
194.2	5.64101
194.4	5.59379
194.6	5.60922
194.8	5.63954
195.0	5.61321
195.2	5.60417
195.4	5.64273

