ｻﾝﾌﾟﾙ:	'1
ﾌｧｲﾙ名:	0.3.UDT
分析日時:	'14:09:34, 07/21/2022
ｵﾍﾟﾚｰﾀ:	北海道大学理学研究院
ｺﾒﾝﾄ:	'

光度計
ﾓﾃﾞﾙ:	U-3010形分光光度計
ｼﾘｱﾙ No.:	'1479-001
ROM Ver.:	2520 10

装置条件
測定ﾓｰﾄﾞ:	時間変化測定
ﾃﾞｰﾀﾓｰﾄﾞ:	Abs
測定時間:	300 s
測定波長:	550.00 nm
ｻﾝﾌﾟﾘﾝｸﾞ間隔:	0.2 s
初期待ち時間:	1 s
測定前ｵｰﾄｾﾞﾛ:	Off
ｽﾘｯﾄ:	2 nm
ﾎﾄﾏﾙ電圧:	自動制御
光源切換ﾓｰﾄﾞ:	自動切換
光源切換波長:	340.00 nm
ﾍﾞｰｽﾗｲﾝ設定:	ﾕｰｻﾞ 1
高分解能測定:	On
D2ﾗﾝﾌﾟ:	On
WIﾗﾝﾌﾟ:	On
ｾﾙ長補正:	On
ｾﾙ長:	10.0 mm

ﾃﾞｰﾀ処理項目
ｽﾍﾟｸﾄﾙ演算
ｽﾍﾟｸﾄﾙ1:	100.0000 * 1(DaTa02)

ﾚｰﾄ計算結果
開始 (s)	終了 (s)	Kﾌｧｸﾀ	傾き	活性度	R	R2
0.0	60.0	1.000000	-0.472781	-0.472781	0.716028	0.512695

ﾋﾟｰｸ検出
検出方法:	Rectangular
感度:	1
しきい値:	0.0100

ﾋﾟｰｸ
ﾋﾟｰｸ No.	開始 (s)	ﾋﾟｰｸ (s)	終了 (s)	高さ (Abs)	ﾊﾞﾚｰ (s)	ﾊﾞﾚｰ (Abs)
1	0.0	2.0	3.6	0.72304	3.6	0.67187
2	3.6	5.4	5.6	0.71817	5.6	0.67732
3	5.6	6.4	8.0	0.73598	8.0	0.67010
4	8.0	8.4	9.4	0.74629	9.4	0.66256
5	9.4	10.6	14.6	0.73565	14.6	0.66175
6	14.6	15.6	17.4	0.73009	17.4	0.66981
7	17.4	17.8	20.8	0.72429	20.8	0.67614
8	20.8	22.6	23.8	0.73086	23.8	0.67635
9	23.8	27.0	27.6	0.71980	27.6	0.67636
10	27.6	29.4	35.4	0.72212	35.4	0.62195
11	35.4	38.2	38.4	0.90153	38.4	-0.22979
12	38.4	39.4	41.6	0.77331	41.6	-0.78684
13	41.6	42.2	58.2	0.83709	58.2	0.21355
14	58.2	59.6	60.2	0.27799	60.2	0.22147
15	60.2	60.6	63.2	0.26559	63.2	0.17020
16	63.2	63.6	65.8	0.23591	65.8	0.17792
17	65.8	66.4	68.0	0.25104	68.0	0.17155
18	68.0	69.6	73.2	0.24350	73.2	0.15715
19	73.2	73.6	74.8	0.20624	74.8	0.15409
20	74.8	76.2	78.2	0.20875	78.2	0.16141
21	78.2	78.8	80.2	0.20072	80.2	0.15970
22	80.2	84.4	84.8	0.19637	84.8	0.14260
23	84.8	86.4	89.4	0.18604	89.4	0.13850
24	89.4	93.4	94.4	0.18159	94.4	0.10186
25	94.4	94.8	97.2	0.19778	97.2	0.13844
26	97.2	98.4	100.0	0.18362	100.0	0.12066
27	100.0	103.6	105.4	0.20344	105.4	0.13946
28	105.4	106.0	113.2	0.19556	113.2	0.12537
29	113.2	117.6	119.4	0.18496	119.4	0.13295
30	119.4	120.8	121.6	0.17012	121.6	0.12680
31	121.6	127.0	129.8	0.18369	129.8	0.11401
32	129.8	130.8	132.6	0.19808	132.6	0.10931
33	132.6	133.4	134.2	0.18374	134.2	0.12265
34	134.2	136.0	138.0	1.32544	138.0	-0.09128
35	138.0	139.0	146.8	0.58986	146.8	0.14355
36	146.8	147.8	149.0	0.16440	149.0	0.12306

ﾃﾞｰﾀﾘｽﾄ
s	Abs
0.0	0.71221
0.2	0.71221
0.4	0.70773
0.6	0.70169
0.8	0.71336
1.0	0.71603
1.2	0.71025
1.4	0.70493
1.6	0.69218
1.8	0.71201
2.0	0.72304
2.2	0.70218
2.4	0.70172
2.6	0.70010
2.8	0.71606
3.0	0.68959
3.2	0.68675
3.4	0.68495
3.6	0.67187
3.8	0.70368
4.0	0.68312
4.2	0.74006
4.4	0.70148
4.6	0.71065
4.8	0.71211
5.0	0.70661
5.2	0.68647
5.4	0.71817
5.6	0.67732
5.8	0.71315
6.0	0.69829
6.2	0.70252
6.4	0.73598
6.6	0.70391
6.8	0.71918
7.0	0.71624
7.2	0.70160
7.4	0.68846
7.6	0.67601
7.8	0.67178
8.0	0.67010
8.2	0.68314
8.4	0.74629
8.6	0.72603
8.8	0.70472
9.0	0.69823
9.2	0.69695
9.4	0.66256
9.6	0.66843
9.8	0.70454
10.0	0.69487
10.2	0.70114
10.4	0.70575
10.6	0.73565
10.8	0.70912
11.0	0.69308
11.2	0.68832
11.4	0.69963
11.6	0.73590
11.8	0.69923
12.0	0.69985
12.2	0.72211
12.4	0.74463
12.6	0.69760
12.8	0.71571
13.0	0.70554
13.2	0.71005
13.4	0.70066
13.6	0.69891
13.8	0.75358
14.0	0.70979
14.2	0.67875
14.4	0.70729
14.6	0.66175
14.8	0.69948
15.0	0.67197
15.2	0.70453
15.4	0.69706
15.6	0.73009
15.8	0.69073
16.0	0.71100
16.2	0.69654
16.4	0.68492
16.6	0.70912
16.8	0.68726
17.0	0.67871
17.2	0.70657
17.4	0.66981
17.6	0.69875
17.8	0.72429
18.0	0.69836
18.2	0.71440
18.4	0.66256
18.6	0.71153
18.8	0.71211
19.0	0.66550
19.2	0.69346
19.4	0.70645
19.6	0.70569
19.8	0.67592
20.0	0.70093
20.2	0.71436
20.4	0.67840
20.6	0.69570
20.8	0.67614
21.0	0.71564
21.2	0.68812
21.4	0.71209
21.6	0.69136
21.8	0.69671
22.0	0.69447
22.2	0.68970
22.4	0.70170
22.6	0.73086
22.8	0.71894
23.0	0.67799
23.2	0.68959
23.4	0.68760
23.6	0.68010
23.8	0.67635
24.0	0.71382
24.2	0.68005
24.4	0.69522
24.6	0.72957
24.8	0.67575
25.0	0.69254
25.2	0.71563
25.4	0.69498
25.6	0.72070
25.8	0.69439
26.0	0.70501
26.2	0.69279
26.4	0.70646
26.6	0.71075
26.8	0.71007
27.0	0.71980
27.2	0.68110
27.4	0.68281
27.6	0.67636
27.8	0.71453
28.0	0.68930
28.2	0.69244
28.4	0.68308
28.6	0.69102
28.8	0.70455
29.0	0.68711
29.2	0.71551
29.4	0.72212
29.6	0.70670
29.8	0.72011
30.0	0.70147
30.2	0.68574
30.4	0.70019
30.6	0.68659
30.8	0.68366
31.0	0.70282
31.2	0.67078
31.4	0.69214
31.6	0.69993
31.8	0.68263
32.0	0.69623
32.2	0.68256
32.4	0.71946
32.6	0.70406
32.8	0.68463
33.0	0.68865
33.2	0.66961
33.4	0.72559
33.6	0.71487
33.8	0.69144
34.0	0.69455
34.2	0.71234
34.4	0.66197
34.6	0.69518
34.8	0.73038
35.0	0.66683
35.2	0.74208
35.4	0.62195
35.6	0.68080
35.8	0.68715
36.0	0.68410
36.2	0.69555
36.4	0.67120
36.6	0.68572
36.8	0.71051
37.0	0.71045
37.2	0.66384
37.4	0.69394
37.6	0.70109
37.8	0.71126
38.0	0.71671
38.2	0.90153
38.4	-0.22979
38.6	0.02982
38.8	0.51129
39.0	0.69384
39.2	0.74665
39.4	0.77331
39.6	0.74265
39.8	0.55162
40.0	0.74780
40.2	0.64872
40.4	0.60121
40.6	0.40155
40.8	0.58331
41.0	0.73895
41.2	0.46429
41.4	0.65919
41.6	-0.78684
41.8	0.64329
42.0	0.82073
42.2	0.83709
42.4	0.57691
42.6	0.60040
42.8	0.56497
43.0	0.56969
43.2	0.52697
43.4	0.53319
43.6	0.52235
43.8	0.58355
44.0	0.52728
44.2	0.51515
44.4	0.50890
44.6	0.48042
44.8	0.54029
45.0	0.45069
45.2	0.45021
45.4	0.48663
45.6	0.45673
45.8	0.45396
46.0	0.48918
46.2	0.43895
46.4	0.48620
46.6	0.43402
46.8	0.44410
47.0	0.42461
47.2	0.42772
47.4	0.44791
47.6	0.40504
47.8	0.41218
48.0	0.38497
48.2	0.39683
48.4	0.39811
48.6	0.38095
48.8	0.37905
49.0	0.37600
49.2	0.34316
49.4	0.36564
49.6	0.37122
49.8	0.36105
50.0	0.38765
50.2	0.36671
50.4	0.37776
50.6	0.35094
50.8	0.33050
51.0	0.37269
51.2	0.33917
51.4	0.35983
51.6	0.30886
51.8	0.34466
52.0	0.33589
52.2	0.34014
52.4	0.28178
52.6	0.31201
52.8	0.29918
53.0	0.32932
53.2	0.30853
53.4	0.29207
53.6	0.34650
53.8	0.34711
54.0	0.29000
54.2	0.30743
54.4	0.28924
54.6	0.28349
54.8	0.31668
55.0	0.26987
55.2	0.31524
55.4	0.30261
55.6	0.31074
55.8	0.28907
56.0	0.27934
56.2	0.27959
56.4	0.27400
56.6	0.24820
56.8	0.26582
57.0	0.25525
57.2	0.25762
57.4	0.27897
57.6	0.26723
57.8	0.24035
58.0	0.24528
58.2	0.21355
58.4	0.24993
58.6	0.23581
58.8	0.24649
59.0	0.24040
59.2	0.25376
59.4	0.21974
59.6	0.27799
59.8	0.26045
60.0	0.23043
60.2	0.22147
60.4	0.22839
60.6	0.26559
60.8	0.23405
61.0	0.23123
61.2	0.24048
61.4	0.24554
61.6	0.24547
61.8	0.20369
62.0	0.21487
62.2	0.22644
62.4	0.20647
62.6	0.21819
62.8	0.22553
63.0	0.21697
63.2	0.17020
63.4	0.22537
63.6	0.23591
63.8	0.21808
64.0	0.22905
64.2	0.21845
64.4	0.23171
64.6	0.18288
64.8	0.21860
65.0	0.19377
65.2	0.22786
65.4	0.20341
65.6	0.22797
65.8	0.17792
66.0	0.21973
66.2	0.19968
66.4	0.25104
66.6	0.19556
66.8	0.22270
67.0	0.23778
67.2	0.18320
67.4	0.20808
67.6	0.21161
67.8	0.20554
68.0	0.17155
68.2	0.22381
68.4	0.19590
68.6	0.21536
68.8	0.20577
69.0	0.21098
69.2	0.20536
69.4	0.23223
69.6	0.24350
69.8	0.17314
70.0	0.20143
70.2	0.20616
70.4	0.20757
70.6	0.18417
70.8	0.20593
71.0	0.22563
71.2	0.20702
71.4	0.17974
71.6	0.16012
71.8	0.16843
72.0	0.18265
72.2	0.19818
72.4	0.18014
72.6	0.15862
72.8	0.20827
73.0	0.17518
73.2	0.15715
73.4	0.19127
73.6	0.20624
73.8	0.18411
74.0	0.18143
74.2	0.19351
74.4	0.18326
74.6	0.19335
74.8	0.15409
75.0	0.16965
75.2	0.16098
75.4	0.17132
75.6	0.22320
75.8	0.18690
76.0	0.16659
76.2	0.20875
76.4	0.20585
76.6	0.19600
76.8	0.16770
77.0	0.17551
77.2	0.19101
77.4	0.19669
77.6	0.19255
77.8	0.17364
78.0	0.18124
78.2	0.16141
78.4	0.16978
78.6	0.19805
78.8	0.20072
79.0	0.18630
79.2	0.16986
79.4	0.17776
79.6	0.19237
79.8	0.18374
80.0	0.16335
80.2	0.15970
80.4	0.18548
80.6	0.18692
80.8	0.16886
81.0	0.21016
81.2	0.17594
81.4	0.19008
81.6	0.15424
81.8	0.16607
82.0	0.17803
82.2	0.17768
82.4	0.19429
82.6	0.15568
82.8	0.16337
83.0	0.18151
83.2	0.19059
83.4	0.17563
83.6	0.16475
83.8	0.17871
84.0	0.18492
84.2	0.15931
84.4	0.19637
84.6	0.15866
84.8	0.14260
85.0	0.19205
85.2	0.17714
85.4	0.15859
85.6	0.17251
85.8	0.18012
86.0	0.18004
86.2	0.16257
86.4	0.18604
86.6	0.18374
86.8	0.16395
87.0	0.16632
87.2	0.19737
87.4	0.15251
87.6	0.12805
87.8	0.15366
88.0	0.15214
88.2	0.14191
88.4	0.16801
88.6	0.17386
88.8	0.15055
89.0	0.14920
89.2	0.17484
89.4	0.13850
89.6	0.17385
89.8	0.13829
90.0	0.17127
90.2	0.16342
90.4	0.14575
90.6	0.18391
90.8	0.14927
91.0	0.17302
91.2	0.17380
91.4	0.18577
91.6	0.17703
91.8	0.14756
92.0	0.15175
92.2	0.19617
92.4	0.12297
92.6	0.17000
92.8	0.17832
93.0	0.15773
93.2	0.17374
93.4	0.18159
93.6	0.15749
93.8	0.13918
94.0	0.17203
94.2	0.15189
94.4	0.10186
94.6	0.15485
94.8	0.19778
95.0	0.16793
95.2	0.19352
95.4	0.18107
95.6	0.18122
95.8	0.11007
96.0	0.14997
96.2	0.16029
96.4	0.15136
96.6	0.14856
96.8	0.19103
97.0	0.16319
97.2	0.13844
97.4	0.14914
97.6	0.14686
97.8	0.16997
98.0	0.18096
98.2	0.15800
98.4	0.18362
98.6	0.15356
98.8	0.17097
99.0	0.12610
99.2	0.16971
99.4	0.14409
99.6	0.20153
99.8	0.14472
100.0	0.12066
100.2	0.13129
100.4	0.19637
100.6	0.14935
100.8	0.17342
101.0	0.13525
101.2	0.15138
101.4	0.16324
101.6	0.15592
101.8	0.14975
102.0	0.17339
102.2	0.19078
102.4	0.13552
102.6	0.13945
102.8	0.17887
103.0	0.15190
103.2	0.12382
103.4	0.15548
103.6	0.20344
103.8	0.17349
104.0	0.13977
104.2	0.14817
104.4	0.17551
104.6	0.14726
104.8	0.16916
105.0	0.16123
105.2	0.16927
105.4	0.13946
105.6	0.17412
105.8	0.16199
106.0	0.19556
106.2	0.16284
106.4	0.14033
106.6	0.16420
106.8	0.17734
107.0	0.14549
107.2	0.16217
107.4	0.12797
107.6	0.14144
107.8	0.14006
108.0	0.14212
108.2	0.18388
108.4	0.15322
108.6	0.20809
108.8	0.13949
109.0	0.19183
109.2	0.16658
109.4	0.10861
109.6	0.14836
109.8	0.16496
110.0	0.19524
110.2	0.14123
110.4	0.17396
110.6	0.14118
110.8	0.13639
111.0	0.15432
111.2	0.13119
111.4	0.16849
111.6	0.15351
111.8	0.16242
112.0	0.09738
112.2	0.15733
112.4	0.17611
112.6	0.15630
112.8	0.17930
113.0	0.13403
113.2	0.12537
113.4	0.14745
113.6	0.16048
113.8	0.19973
114.0	0.13201
114.2	0.15709
114.4	0.14871
114.6	0.14963
114.8	0.15862
115.0	0.14341
115.2	0.15845
115.4	0.13719
115.6	0.16834
115.8	0.17097
116.0	0.15578
116.2	0.16007
116.4	0.14892
116.6	0.16838
116.8	0.17314
117.0	0.14951
117.2	0.16818
117.4	0.15606
117.6	0.18496
117.8	0.17568
118.0	0.15195
118.2	0.12828
118.4	0.18403
118.6	0.14606
118.8	0.17217
119.0	0.13720
119.2	0.13390
119.4	0.13295
119.6	0.16863
119.8	0.13501
120.0	0.16369
120.2	0.14311
120.4	0.15756
120.6	0.15626
120.8	0.17012
121.0	0.14867
121.2	0.15498
121.4	0.14266
121.6	0.12680
121.8	0.17274
122.0	0.14006
122.2	0.16091
122.4	0.15666
122.6	0.13374
122.8	0.15730
123.0	0.18190
123.2	0.15796
123.4	0.14777
123.6	0.17031
123.8	0.13805
124.0	0.16916
124.2	0.14933
124.4	0.16017
124.6	0.16495
124.8	0.11895
125.0	0.15978
125.2	0.13339
125.4	0.15754
125.6	0.17429
125.8	0.14173
126.0	0.16163
126.2	0.16798
126.4	0.15499
126.6	0.15511
126.8	0.15337
127.0	0.18369
127.2	0.17576
127.4	0.16190
127.6	0.15563
127.8	0.12777
128.0	0.15731
128.2	0.14691
128.4	0.15750
128.6	0.14847
128.8	0.15137
129.0	0.14790
129.2	0.12940
129.4	0.18157
129.6	0.12652
129.8	0.11401
130.0	0.17205
130.2	0.17248
130.4	0.16277
130.6	0.15631
130.8	0.19808
131.0	0.14217
131.2	0.14030
131.4	0.16186
131.6	0.16238
131.8	0.17078
132.0	0.12480
132.2	0.15201
132.4	0.17475
132.6	0.10931
132.8	0.11827
133.0	0.12883
133.2	0.15110
133.4	0.18374
133.6	0.15720
133.8	0.14179
134.0	0.15787
134.2	0.12265
134.4	0.14967
134.6	0.15641
134.8	0.16440
135.0	0.17508
135.2	0.14614
135.4	0.22027
135.6	0.58299
135.8	-6.87699
136.0	1.32544
136.2	0.16071
136.4	-0.06538
136.6	0.28477
136.8	-0.02899
137.0	0.22545
137.2	0.02610
137.4	0.10672
137.6	0.19977
137.8	0.17337
138.0	-0.09128
138.2	0.52959
138.4	0.22465
138.6	-3.16856
138.8	0.54303
139.0	0.58986
139.2	0.38528
139.4	0.13512
139.6	0.13214
139.8	0.16387
140.0	0.17656
140.2	0.15792
140.4	0.14433
140.6	0.16783
140.8	0.14939
141.0	0.14806
141.2	0.14701
141.4	0.18475
141.6	0.10732
141.8	0.18836
142.0	0.14099
142.2	0.18008
142.4	0.13348
142.6	0.17498
142.8	0.14272
143.0	0.17233
143.2	0.15879
143.4	0.15999
143.6	0.14184
143.8	0.16314
144.0	0.14900
144.2	0.15859
144.4	0.15577
144.6	0.11822
144.8	0.17664
145.0	0.15805
145.2	0.17409
145.4	0.15003
145.6	0.16930
145.8	0.17904
146.0	0.15408
146.2	0.16083
146.4	0.15756
146.6	0.18191
146.8	0.14355
147.0	0.14782
147.2	0.15604
147.4	0.16273
147.6	0.16371
147.8	0.16440
148.0	0.16154
148.2	0.14528
148.4	0.12381
148.6	0.15030
148.8	0.18374
149.0	0.12306
149.2	0.16516
149.4	0.18843
149.6	0.13245
149.8	0.16540
150.0	0.16354
150.2	0.15979
150.4	0.15929
150.6	0.16080

