ｻﾝﾌﾟﾙ:	'1
ﾌｧｲﾙ名:	0.5.UDT
分析日時:	'14:26:40, 07/21/2022
ｵﾍﾟﾚｰﾀ:	北海道大学理学研究院
ｺﾒﾝﾄ:	'

光度計
ﾓﾃﾞﾙ:	U-3010形分光光度計
ｼﾘｱﾙ No.:	'1479-001
ROM Ver.:	2520 10

装置条件
測定ﾓｰﾄﾞ:	時間変化測定
ﾃﾞｰﾀﾓｰﾄﾞ:	Abs
測定時間:	300 s
測定波長:	550.00 nm
ｻﾝﾌﾟﾘﾝｸﾞ間隔:	0.2 s
初期待ち時間:	1 s
測定前ｵｰﾄｾﾞﾛ:	Off
ｽﾘｯﾄ:	2 nm
ﾎﾄﾏﾙ電圧:	自動制御
光源切換ﾓｰﾄﾞ:	自動切換
光源切換波長:	340.00 nm
ﾍﾞｰｽﾗｲﾝ設定:	ﾕｰｻﾞ 1
高分解能測定:	On
D2ﾗﾝﾌﾟ:	On
WIﾗﾝﾌﾟ:	On
ｾﾙ長補正:	On
ｾﾙ長:	10.0 mm

ﾃﾞｰﾀ処理項目
ｽﾍﾟｸﾄﾙ演算
ｽﾍﾟｸﾄﾙ1:	100.0000 * 1(DaTa04)

ﾚｰﾄ計算結果
開始 (s)	終了 (s)	Kﾌｧｸﾀ	傾き	活性度	R	R2
0.0	60.0	1.000000	-0.784589	-0.784589	0.692169	0.479098

ﾋﾟｰｸ検出
検出方法:	Rectangular
感度:	1
しきい値:	0.0100

ﾋﾟｰｸ
ﾋﾟｰｸ No.	開始 (s)	ﾋﾟｰｸ (s)	終了 (s)	高さ (Abs)	ﾊﾞﾚｰ (s)	ﾊﾞﾚｰ (Abs)
1	0.0	1.0	1.6	1.31822	1.6	1.20813
2	1.6	3.0	4.4	1.30327	4.4	1.21608
3	4.4	6.6	8.0	1.30367	8.0	1.24391
4	8.0	9.4	10.2	1.32794	10.2	1.24038
5	10.2	13.8	18.0	1.28803	18.0	1.23077
6	18.0	19.4	19.6	1.29228	19.6	1.20621
7	19.6	21.0	22.2	1.26213	22.2	1.23477
8	22.2	29.4	31.2	1.29587	31.2	1.22514
9	31.2	35.2	35.0	2.99607	35.0	-0.49270
10	35.0	38.2	68.8	1.88138	68.8	0.38794
11	68.8	69.6	76.0	0.47777	76.0	0.36107
12	76.0	77.2	79.0	0.38830	79.0	0.34512
13	79.0	80.0	86.2	0.38249	86.2	0.30471
14	86.2	88.8	90.0	0.37108	90.0	0.32787
15	90.0	90.8	95.4	0.37252	95.4	0.30884
16	95.4	98.2	99.8	0.35300	99.8	0.30337
17	99.8	101.2	102.0	0.35720	102.0	0.29291
18	102.0	103.8	106.0	0.39508	106.0	0.30558
19	106.0	108.4	110.0	0.39414	110.0	0.29519
20	110.0	111.8	113.4	0.35783	113.4	0.30618
21	113.4	114.6	117.2	0.35230	117.2	0.30172
22	117.2	118.6	121.2	1.10541	121.2	-2.69382
23	121.2	121.4	125.6	0.78453	125.6	0.29654
24	125.6	128.2	129.2	0.36902	129.2	0.30337
25	129.2	130.8	137.2	0.34395	137.2	0.27141
26	137.2	137.8	140.4	0.32199	140.4	0.25402
27	140.4	141.4	143.0	0.30722	143.0	0.26827
28	143.0	145.6	146.6	0.33673	146.6	0.26527
29	146.6	147.8	152.0	0.33718	152.0	0.26769

ﾃﾞｰﾀﾘｽﾄ
s	Abs
0.0	1.26953
0.2	1.26953
0.4	1.26333
0.6	1.26933
0.8	1.26875
1.0	1.31822
1.2	1.24310
1.4	1.26313
1.6	1.20813
1.8	1.27984
2.0	1.22486
2.2	1.23600
2.4	1.27125
2.6	1.24523
2.8	1.28026
3.0	1.30327
3.2	1.26418
3.4	1.26154
3.6	1.23866
3.8	1.25918
4.0	1.24044
4.2	1.28572
4.4	1.21608
4.6	1.23808
4.8	1.27806
5.0	1.29143
5.2	1.25348
5.4	1.30878
5.6	1.27199
5.8	1.26772
6.0	1.25291
6.2	1.23080
6.4	1.28531
6.6	1.30367
6.8	1.28476
7.0	1.26298
7.2	1.26583
7.4	1.30337
7.6	1.24776
7.8	1.25219
8.0	1.24391
8.2	1.26568
8.4	1.27656
8.6	1.29390
8.8	1.26649
9.0	1.27873
9.2	1.26580
9.4	1.32794
9.6	1.24040
9.8	1.29308
10.0	1.23461
10.2	1.24038
10.4	1.26187
10.6	1.24396
10.8	1.24842
11.0	1.28117
11.2	1.25821
11.4	1.25739
11.6	1.24282
11.8	1.27858
12.0	1.26442
12.2	1.24037
12.4	1.28165
12.6	1.23211
12.8	1.25098
13.0	1.29996
13.2	1.25162
13.4	1.26261
13.6	1.22349
13.8	1.28803
14.0	1.27765
14.2	1.26353
14.4	1.23819
14.6	1.26394
14.8	1.25967
15.0	1.26819
15.2	1.26081
15.4	1.25873
15.6	1.28756
15.8	1.28637
16.0	1.22663
16.2	1.28677
16.4	1.24142
16.6	1.29093
16.8	1.24324
17.0	1.23719
17.2	1.25480
17.4	1.23097
17.6	1.25386
17.8	1.25621
18.0	1.23077
18.2	1.28264
18.4	1.25250
18.6	1.25353
18.8	1.26312
19.0	1.27183
19.2	1.28264
19.4	1.29228
19.6	1.20621
19.8	1.23691
20.0	1.23571
20.2	1.25930
20.4	1.24645
20.6	1.24419
20.8	1.23238
21.0	1.26213
21.2	1.25889
21.4	1.25146
21.6	1.24322
21.8	1.24106
22.0	1.26641
22.2	1.23477
22.4	1.24078
22.6	1.23866
22.8	1.25478
23.0	1.24966
23.2	1.25313
23.4	1.24865
23.6	1.26505
23.8	1.26697
24.0	1.24717
24.2	1.23025
24.4	1.26796
24.6	1.25478
24.8	1.24114
25.0	1.26886
25.2	1.24894
25.4	1.23978
25.6	1.22754
25.8	1.26930
26.0	1.24724
26.2	1.24488
26.4	1.24543
26.6	1.25748
26.8	1.26676
27.0	1.24791
27.2	1.25900
27.4	1.23311
27.6	1.27235
27.8	1.20440
28.0	1.23526
28.2	1.26813
28.4	1.23983
28.6	1.25331
28.8	1.23684
29.0	1.25799
29.2	1.25551
29.4	1.29587
29.6	1.23907
29.8	1.27937
30.0	1.25401
30.2	1.25321
30.4	1.23816
30.6	1.25402
30.8	1.22543
31.0	1.26099
31.2	1.22514
31.4	1.23425
31.6	1.25949
31.8	1.23563
32.0	1.25276
32.2	1.22883
32.4	1.27839
32.6	1.24667
32.8	1.27224
33.0	1.20323
33.2	1.24804
33.4	1.23681
33.6	1.23982
33.8	1.27938
34.0	1.25354
34.2	1.26480
34.4	1.26249
34.6	1.32006
34.8	1.24783
35.0	-0.49270
35.2	2.99607
35.4	0.84373
35.6	1.11888
35.8	1.27541
36.0	1.31963
36.2	1.26412
36.4	1.33128
36.6	1.19476
36.8	1.23099
37.0	1.28569
37.2	1.20372
37.4	1.28572
37.6	1.11233
37.8	0.93809
38.0	1.36887
38.2	1.88138
38.4	0.87850
38.6	1.17800
38.8	-1.00214
39.0	1.12006
39.2	1.66359
39.4	1.13792
39.6	1.13555
39.8	1.07475
40.0	1.08501
40.2	1.04805
40.4	1.05082
40.6	1.07140
40.8	1.03722
41.0	1.01767
41.2	1.02870
41.4	0.99240
41.6	1.01266
41.8	0.97624
42.0	0.96025
42.2	0.96322
42.4	0.98374
42.6	0.95974
42.8	0.93407
43.0	0.93494
43.2	0.91744
43.4	0.95190
43.6	0.86636
43.8	0.91622
44.0	0.87805
44.2	0.89568
44.4	0.90317
44.6	0.86602
44.8	0.86201
45.0	0.83244
45.2	0.84090
45.4	0.83360
45.6	0.85519
45.8	0.83172
46.0	0.81521
46.2	0.81756
46.4	0.77346
46.6	0.80050
46.8	0.76418
47.0	0.76431
47.2	0.77558
47.4	0.78297
47.6	0.78567
47.8	0.75286
48.0	0.78074
48.2	0.74319
48.4	0.75389
48.6	0.75469
48.8	0.72932
49.0	0.73030
49.2	0.71471
49.4	0.71560
49.6	0.75022
49.8	0.73163
50.0	0.69222
50.2	0.70082
50.4	0.74939
50.6	0.66901
50.8	0.69256
51.0	0.65049
51.2	0.69958
51.4	0.66599
51.6	0.67262
51.8	0.65457
52.0	0.62218
52.2	0.64595
52.4	0.61211
52.6	0.61027
52.8	0.62433
53.0	0.62168
53.2	0.62652
53.4	0.63301
53.6	0.63099
53.8	0.62629
54.0	0.59867
54.2	0.59232
54.4	0.61685
54.6	0.58469
54.8	0.59165
55.0	0.58275
55.2	0.59277
55.4	0.59243
55.6	0.56419
55.8	0.58669
56.0	0.54683
56.2	0.56876
56.4	0.56405
56.6	0.57823
56.8	0.55255
57.0	0.61802
57.2	0.56070
57.4	0.56420
57.6	0.55996
57.8	0.54944
58.0	0.54277
58.2	0.51140
58.4	0.51242
58.6	0.51917
58.8	0.53746
59.0	0.53343
59.2	0.52663
59.4	0.52149
59.6	0.51019
59.8	0.50979
60.0	0.53073
60.2	0.52720
60.4	0.48280
60.6	0.50763
60.8	0.47393
61.0	0.49882
61.2	0.46771
61.4	0.47172
61.6	0.48406
61.8	0.49534
62.0	0.48377
62.2	0.49843
62.4	0.46421
62.6	0.51258
62.8	0.44663
63.0	0.49605
63.2	0.48672
63.4	0.45578
63.6	0.44998
63.8	0.42155
64.0	0.46292
64.2	0.48669
64.4	0.44976
64.6	0.43554
64.8	0.45348
65.0	0.44595
65.2	0.44847
65.4	0.47174
65.6	0.41091
65.8	0.44816
66.0	0.44481
66.2	0.45113
66.4	0.44640
66.6	0.43016
66.8	0.44857
67.0	0.40220
67.2	0.44056
67.4	0.40623
67.6	0.48224
67.8	0.41810
68.0	0.44562
68.2	0.42233
68.4	0.41357
68.6	0.42602
68.8	0.38794
69.0	0.45400
69.2	0.39469
69.4	0.41320
69.6	0.47777
69.8	0.42852
70.0	0.42832
70.2	0.39791
70.4	0.38810
70.6	0.45200
70.8	0.41733
71.0	0.44168
71.2	0.40071
71.4	0.39411
71.6	0.43824
71.8	0.39774
72.0	0.42620
72.2	0.38206
72.4	0.42875
72.6	0.39907
72.8	0.37852
73.0	0.41707
73.2	0.37854
73.4	0.40088
73.6	0.38557
73.8	0.39048
74.0	0.39088
74.2	0.41524
74.4	0.41889
74.6	0.39887
74.8	0.37343
75.0	0.36401
75.2	0.36414
75.4	0.37234
75.6	0.39148
75.8	0.38393
76.0	0.36107
76.2	0.38573
76.4	0.36497
76.6	0.37430
76.8	0.35557
77.0	0.37689
77.2	0.38830
77.4	0.37332
77.6	0.39049
77.8	0.36433
78.0	0.33412
78.2	0.39449
78.4	0.37684
78.6	0.39135
78.8	0.37884
79.0	0.34512
79.2	0.34723
79.4	0.37694
79.6	0.37049
79.8	0.35874
80.0	0.38249
80.2	0.36217
80.4	0.37426
80.6	0.37424
80.8	0.34165
81.0	0.38564
81.2	0.35502
81.4	0.35919
81.6	0.33205
81.8	0.37492
82.0	0.35323
82.2	0.34957
82.4	0.37525
82.6	0.34340
82.8	0.36872
83.0	0.33336
83.2	0.35158
83.4	0.33726
83.6	0.37728
83.8	0.37266
84.0	0.34692
84.2	0.37539
84.4	0.34978
84.6	0.34903
84.8	0.32709
85.0	0.36379
85.2	0.35818
85.4	0.36005
85.6	0.33650
85.8	0.35252
86.0	0.37524
86.2	0.30471
86.4	0.35858
86.6	0.33888
86.8	0.34999
87.0	0.37710
87.2	0.34359
87.4	0.33451
87.6	0.35945
87.8	0.35702
88.0	0.36075
88.2	0.35836
88.4	0.32010
88.6	0.35053
88.8	0.37108
89.0	0.34291
89.2	0.35897
89.4	0.31968
89.6	0.35098
89.8	0.36544
90.0	0.32787
90.2	0.34200
90.4	0.34685
90.6	0.33286
90.8	0.37252
91.0	0.34903
91.2	0.33820
91.4	0.33465
91.6	0.37056
91.8	0.34689
92.0	0.33959
92.2	0.34181
92.4	0.32500
92.6	0.32511
92.8	0.33916
93.0	0.34485
93.2	0.34760
93.4	0.33923
93.6	0.32428
93.8	0.33569
94.0	0.33532
94.2	0.36578
94.4	0.31213
94.6	0.33388
94.8	0.31722
95.0	0.33805
95.2	0.31401
95.4	0.30884
95.6	0.34774
95.8	0.35103
96.0	0.32189
96.2	0.35608
96.4	0.31845
96.6	0.34653
96.8	0.33431
97.0	0.31838
97.2	0.34113
97.4	0.34247
97.6	0.35094
97.8	0.33672
98.0	0.34786
98.2	0.35300
98.4	0.33360
98.6	0.33217
98.8	0.32066
99.0	0.33997
99.2	0.32984
99.4	0.33736
99.6	0.32110
99.8	0.30337
100.0	0.31117
100.2	0.32055
100.4	0.33193
100.6	0.34701
100.8	0.34362
101.0	0.32172
101.2	0.35720
101.4	0.32221
101.6	0.33981
101.8	0.29889
102.0	0.29291
102.2	0.32154
102.4	0.30228
102.6	0.35240
102.8	0.35384
103.0	0.33410
103.2	0.33150
103.4	0.32161
103.6	0.31235
103.8	0.39508
104.0	0.32569
104.2	0.31884
104.4	0.31185
104.6	0.29724
104.8	0.33277
105.0	0.30924
105.2	0.34449
105.4	0.31778
105.6	0.36336
105.8	0.31401
106.0	0.30558
106.2	0.31882
106.4	0.30941
106.6	0.31657
106.8	0.31054
107.0	0.31895
107.2	0.31404
107.4	0.32827
107.6	0.31588
107.8	0.32090
108.0	0.30987
108.2	0.35524
108.4	0.39414
108.6	0.34298
108.8	0.33061
109.0	0.31411
109.2	0.35040
109.4	0.31637
109.6	0.33719
109.8	0.30800
110.0	0.29519
110.2	0.33266
110.4	0.35500
110.6	0.32901
110.8	0.32277
111.0	0.34014
111.2	0.30878
111.4	0.35270
111.6	0.35730
111.8	0.35783
112.0	0.32427
112.2	0.29740
112.4	0.34038
112.6	0.31620
112.8	0.32132
113.0	0.30759
113.2	0.31584
113.4	0.30618
113.6	0.32359
113.8	0.31921
114.0	0.34545
114.2	0.34241
114.4	0.30216
114.6	0.35230
114.8	0.34701
115.0	0.32651
115.2	0.33494
115.4	0.32522
115.6	0.31520
115.8	0.33736
116.0	0.34113
116.2	0.32346
116.4	0.32718
116.6	0.30942
116.8	0.30480
117.0	0.34259
117.2	0.30172
117.4	0.32141
117.6	0.31507
117.8	0.31568
118.0	0.83841
118.2	0.87525
118.4	-2.23086
118.6	1.10541
118.8	0.28289
119.0	0.03056
119.2	0.52429
119.4	0.33546
119.6	0.38615
119.8	0.27946
120.0	0.27144
120.2	0.19014
120.4	0.47043
120.6	0.28838
120.8	0.84654
121.0	-0.20213
121.2	-2.69382
121.4	0.78453
121.6	0.51470
121.8	0.48480
122.0	0.32431
122.2	0.29465
122.4	0.37223
122.6	0.29673
122.8	0.31671
123.0	0.30868
123.2	0.33767
123.4	0.35843
123.6	0.32161
123.8	0.31499
124.0	0.31283
124.2	0.30626
124.4	0.30237
124.6	0.33013
124.8	0.29670
125.0	0.31348
125.2	0.33684
125.4	0.36208
125.6	0.29654
125.8	0.29905
126.0	0.33002
126.2	0.31717
126.4	0.33480
126.6	0.33189
126.8	0.31367
127.0	0.31736
127.2	0.34297
127.4	0.31665
127.6	0.34983
127.8	0.31747
128.0	0.30382
128.2	0.36902
128.4	0.33618
128.6	0.32957
128.8	0.32565
129.0	0.32284
129.2	0.30337
129.4	0.32433
129.6	0.32158
129.8	0.31498
130.0	0.33529
130.2	0.31601
130.4	0.32712
130.6	0.32832
130.8	0.34395
131.0	0.29988
131.2	0.29191
131.4	0.32190
131.6	0.30901
131.8	0.30744
132.0	0.28532
132.2	0.27787
132.4	0.28612
132.6	0.27322
132.8	0.27871
133.0	0.30382
133.2	0.28497
133.4	0.29111
133.6	0.30899
133.8	0.26491
134.0	0.31419
134.2	0.25950
134.4	0.28184
134.6	0.30295
134.8	0.30244
135.0	0.32661
135.2	0.28322
135.4	0.29096
135.6	0.28616
135.8	0.28887
136.0	0.32710
136.2	0.30327
136.4	0.29500
136.6	0.28039
136.8	0.30266
137.0	0.27160
137.2	0.27141
137.4	0.30000
137.6	0.28943
137.8	0.32199
138.0	0.29324
138.2	0.29542
138.4	0.29844
138.6	0.31139
138.8	0.25104
139.0	0.29083
139.2	0.30300
139.4	0.27094
139.6	0.27666
139.8	0.26799
140.0	0.27354
140.2	0.25747
140.4	0.25402
140.6	0.31454
140.8	0.30114
141.0	0.26411
141.2	0.30218
141.4	0.30722
141.6	0.27231
141.8	0.27035
142.0	0.27521
142.2	0.31350
142.4	0.29847
142.6	0.27058
142.8	0.29728
143.0	0.26827
143.2	0.29155
143.4	0.29237
143.6	0.27812
143.8	0.28954
144.0	0.31299
144.2	0.30811
144.4	0.26794
144.6	0.30689
144.8	0.25701
145.0	0.26976
145.2	0.31997
145.4	0.30514
145.6	0.33673
145.8	0.31658
146.0	0.31149
146.2	0.29478
146.4	0.27220
146.6	0.26527
146.8	0.28177
147.0	0.26541
147.2	0.30083
147.4	0.30421
147.6	0.29780
147.8	0.33718
148.0	0.31227
148.2	0.30980
148.4	0.29602
148.6	0.28004
148.8	0.27105
149.0	0.28231
149.2	0.26643
149.4	0.29454
149.6	0.30122
149.8	0.28633
150.0	0.28824
150.2	0.28864
150.4	0.29200
150.6	0.26833
150.8	0.27374
151.0	0.30348
151.2	0.29328
151.4	0.29388
151.6	0.28640
151.8	0.29485
152.0	0.26769

