ｻﾝﾌﾟﾙ:	'1
ﾌｧｲﾙ名:	0.75.UDT
分析日時:	'14:44:42, 07/21/2022
ｵﾍﾟﾚｰﾀ:	北海道大学理学研究院
ｺﾒﾝﾄ:	'

光度計
ﾓﾃﾞﾙ:	U-3010形分光光度計
ｼﾘｱﾙ No.:	'1479-001
ROM Ver.:	2520 10

装置条件
測定ﾓｰﾄﾞ:	時間変化測定
ﾃﾞｰﾀﾓｰﾄﾞ:	Abs
測定時間:	300 s
測定波長:	550.00 nm
ｻﾝﾌﾟﾘﾝｸﾞ間隔:	0.2 s
初期待ち時間:	1 s
測定前ｵｰﾄｾﾞﾛ:	Off
ｽﾘｯﾄ:	2 nm
ﾎﾄﾏﾙ電圧:	自動制御
光源切換ﾓｰﾄﾞ:	自動切換
光源切換波長:	340.00 nm
ﾍﾞｰｽﾗｲﾝ設定:	ﾕｰｻﾞ 1
高分解能測定:	On
D2ﾗﾝﾌﾟ:	On
WIﾗﾝﾌﾟ:	On
ｾﾙ長補正:	On
ｾﾙ長:	10.0 mm

ﾃﾞｰﾀ処理項目
ｽﾍﾟｸﾄﾙ演算
ｽﾍﾟｸﾄﾙ1:	100.0000 * 1(DaTa06)

ﾚｰﾄ計算結果
開始 (s)	終了 (s)	Kﾌｧｸﾀ	傾き	活性度	R	R2
0.0	60.0	1.000000	-1.10865	-1.10865	0.578001	0.334085

ﾋﾟｰｸ検出
検出方法:	Rectangular
感度:	1
しきい値:	0.0100

ﾋﾟｰｸ
ﾋﾟｰｸ No.	開始 (s)	ﾋﾟｰｸ (s)	終了 (s)	高さ (Abs)	ﾊﾞﾚｰ (s)	ﾊﾞﾚｰ (Abs)
1	0.0	1.0	6.2	2.12358	6.2	2.00765
2	6.2	8.4	9.2	2.08803	9.2	2.01505
3	9.2	11.4	17.4	2.07589	17.4	2.01424
4	17.4	19.0	20.4	2.06816	20.4	1.99291
5	20.4	22.0	22.2	2.08403	22.2	2.02504
6	22.2	23.0	24.2	2.07184	24.2	1.97741
7	24.2	25.6	26.0	2.05279	26.0	2.00001
8	26.0	26.4	29.6	2.06770	29.6	1.99981
9	29.6	31.6	32.0	2.61925	32.0	-3.88613
10	32.0	34.6	62.4	2.18993	62.4	0.93647
11	62.4	63.0	74.4	0.97999	74.4	0.77037
12	74.4	75.8	82.6	0.82091	82.6	0.68951
13	82.6	83.6	85.6	0.73678	85.6	0.67629
14	85.6	86.8	88.8	0.71639	88.8	0.66453
15	88.8	90.4	92.2	0.73420	92.2	0.64555
16	92.2	94.8	97.2	0.70113	97.2	0.62007
17	97.2	97.4	102.6	0.70338	102.6	0.60106
18	102.6	104.8	109.6	0.67393	109.6	0.59786
19	109.6	110.0	111.2	0.66746	111.2	0.58743
20	111.2	112.2	113.6	0.65369	113.6	0.58589
21	113.6	115.0	115.2	0.64433	115.2	0.57601
22	115.2	119.0	122.0	0.64967	122.0	0.58987
23	122.0	125.2	128.2	0.64011	128.2	-5.76107
24	128.2	130.6	131.2	1.49625	131.2	-2.25944
25	131.2	131.8	134.8	0.86297	134.8	0.56348
26	134.8	136.2	136.6	0.62362	136.6	0.56082
27	136.6	140.2	142.6	0.61701	142.6	0.55061
28	142.6	143.2	145.0	0.62044	145.0	0.54217
29	145.0	145.8	148.8	0.60324	148.8	0.53593
30	148.8	149.0	154.8	0.58522	154.8	0.51468

ﾃﾞｰﾀﾘｽﾄ
s	Abs
0.0	2.06566
0.2	2.06566
0.4	2.05292
0.6	2.04650
0.8	2.01325
1.0	2.12358
1.2	2.05099
1.4	2.02961
1.6	2.04478
1.8	2.05875
2.0	2.03978
2.2	2.04865
2.4	2.06128
2.6	2.04908
2.8	2.03182
3.0	2.05630
3.2	2.04877
3.4	2.04600
3.6	2.02633
3.8	2.05344
4.0	2.00786
4.2	2.04711
4.4	2.04034
4.6	2.07216
4.8	2.07887
5.0	2.00462
5.2	2.06186
5.4	2.02613
5.6	2.03853
5.8	2.02344
6.0	2.03162
6.2	2.00765
6.4	2.06006
6.6	2.04150
6.8	2.09230
7.0	2.04102
7.2	2.03453
7.4	1.98576
7.6	2.08225
7.8	2.05461
8.0	2.07106
8.2	2.01928
8.4	2.08803
8.6	2.05334
8.8	2.03805
9.0	2.03154
9.2	2.01505
9.4	2.03228
9.6	2.02741
9.8	2.05648
10.0	2.01674
10.2	2.05028
10.4	2.03100
10.6	2.03832
10.8	1.99929
11.0	2.02942
11.2	2.03801
11.4	2.07589
11.6	2.05402
11.8	2.05147
12.0	2.00903
12.2	2.04411
12.4	2.05779
12.6	2.06084
12.8	2.05285
13.0	2.03617
13.2	2.03700
13.4	2.03014
13.6	2.04387
13.8	2.01181
14.0	2.03485
14.2	2.04187
14.4	2.02276
14.6	2.04359
14.8	2.00192
15.0	2.04764
15.2	2.03223
15.4	2.03771
15.6	2.02734
15.8	2.03615
16.0	2.06163
16.2	2.02841
16.4	2.03384
16.6	2.01343
16.8	2.02406
17.0	2.07507
17.2	2.04589
17.4	2.01424
17.6	2.01440
17.8	2.04628
18.0	2.04280
18.2	2.01662
18.4	2.03159
18.6	2.04008
18.8	2.06370
19.0	2.06816
19.2	2.03157
19.4	2.02221
19.6	2.06758
19.8	2.01737
20.0	2.05590
20.2	1.99319
20.4	1.99291
20.6	2.01914
20.8	2.03763
21.0	2.04926
21.2	2.05499
21.4	2.03566
21.6	2.05897
21.8	2.06464
22.0	2.08403
22.2	2.02504
22.4	2.03377
22.6	2.03501
22.8	2.06355
23.0	2.07184
23.2	2.03959
23.4	2.04646
23.6	2.06205
23.8	2.05452
24.0	2.00302
24.2	1.97741
24.4	2.02346
24.6	2.04070
24.8	2.04640
25.0	2.03991
25.2	2.03304
25.4	2.02760
25.6	2.05279
25.8	2.01535
26.0	2.00001
26.2	2.02784
26.4	2.06770
26.6	2.03873
26.8	2.03171
27.0	2.04788
27.2	2.04442
27.4	2.01884
27.6	2.05589
27.8	2.03037
28.0	2.04870
28.2	2.04585
28.4	2.01516
28.6	2.06515
28.8	2.01753
29.0	2.00346
29.2	2.04164
29.4	2.03716
29.6	1.99981
29.8	2.03458
30.0	2.01749
30.2	2.05801
30.4	2.07665
30.6	2.00812
30.8	2.02384
31.0	2.04466
31.2	2.02944
31.4	2.02402
31.6	2.61925
31.8	0.54784
32.0	-3.88613
32.2	2.86993
32.4	1.90678
32.6	1.87318
32.8	1.86670
33.0	2.07545
33.2	2.15035
33.4	2.09768
33.6	2.06619
33.8	2.07777
34.0	1.95383
34.2	2.14995
34.4	2.03128
34.6	2.18993
34.8	1.91844
35.0	2.06265
35.2	1.98010
35.4	1.69039
35.6	-2.45074
35.8	2.74396
36.0	1.86890
36.2	2.14523
36.4	1.97646
36.6	1.90592
36.8	1.85665
37.0	1.86619
37.2	1.88461
37.4	1.82236
37.6	1.79109
37.8	1.81431
38.0	1.77305
38.2	1.79453
38.4	1.76879
38.6	1.76949
38.8	1.75191
39.0	1.72819
39.2	1.72579
39.4	1.74342
39.6	1.66618
39.8	1.70139
40.0	1.73253
40.2	1.65877
40.4	1.68666
40.6	1.67015
40.8	1.67755
41.0	1.68731
41.2	1.62856
41.4	1.61242
41.6	1.61133
41.8	1.62994
42.0	1.60104
42.2	1.56348
42.4	1.60726
42.6	1.56949
42.8	1.59741
43.0	1.53570
43.2	1.54213
43.4	1.54587
43.6	1.52168
43.8	1.49065
44.0	1.50387
44.2	1.49721
44.4	1.48479
44.6	1.49632
44.8	1.45364
45.0	1.45902
45.2	1.45324
45.4	1.45435
45.6	1.41006
45.8	1.42983
46.0	1.42245
46.2	1.44264
46.4	1.42085
46.6	1.35835
46.8	1.40543
47.0	1.40579
47.2	1.39050
47.4	1.37237
47.6	1.38594
47.8	1.34520
48.0	1.36870
48.2	1.33465
48.4	1.35917
48.6	1.30007
48.8	1.32558
49.0	1.31209
49.2	1.28762
49.4	1.28133
49.6	1.27599
49.8	1.28346
50.0	1.27323
50.2	1.29730
50.4	1.22732
50.6	1.26326
50.8	1.25024
51.0	1.23499
51.2	1.26951
51.4	1.22292
51.6	1.19125
51.8	1.22853
52.0	1.21614
52.2	1.18411
52.4	1.18344
52.6	1.20934
52.8	1.16319
53.0	1.17512
53.2	1.17037
53.4	1.15289
53.6	1.14885
53.8	1.16271
54.0	1.14019
54.2	1.15718
54.4	1.17123
54.6	1.14521
54.8	1.12235
55.0	1.12728
55.2	1.12108
55.4	1.11014
55.6	1.08231
55.8	1.12346
56.0	1.07671
56.2	1.10556
56.4	1.11494
56.6	1.07742
56.8	1.11741
57.0	1.09815
57.2	1.06301
57.4	1.09324
57.6	1.05954
57.8	1.06753
58.0	1.07742
58.2	1.09954
58.4	1.04587
58.6	1.02828
58.8	1.00498
59.0	1.04191
59.2	1.04011
59.4	1.01657
59.6	1.03961
59.8	1.00160
60.0	1.04965
60.2	1.02061
60.4	1.02635
60.6	0.99192
60.8	0.98337
61.0	0.99500
61.2	0.97845
61.4	0.95912
61.6	0.97191
61.8	0.94635
62.0	0.93821
62.2	0.97704
62.4	0.93647
62.6	0.95409
62.8	0.97327
63.0	0.97999
63.2	0.96857
63.4	0.96951
63.6	0.92646
63.8	0.92186
64.0	0.94066
64.2	0.97870
64.4	0.92722
64.6	0.93858
64.8	0.93697
65.0	0.92785
65.2	0.91578
65.4	0.90503
65.6	0.86576
65.8	0.90841
66.0	0.91019
66.2	0.90567
66.4	0.89546
66.6	0.91541
66.8	0.89639
67.0	0.87424
67.2	0.86629
67.4	0.89039
67.6	0.84996
67.8	0.88861
68.0	0.88067
68.2	0.84972
68.4	0.88596
68.6	0.86145
68.8	0.85326
69.0	0.87678
69.2	0.86169
69.4	0.88511
69.6	0.82020
69.8	0.85172
70.0	0.85585
70.2	0.85216
70.4	0.83690
70.6	0.83640
70.8	0.83578
71.0	0.80824
71.2	0.83569
71.4	0.81551
71.6	0.81854
71.8	0.82328
72.0	0.81550
72.2	0.80321
72.4	0.81870
72.6	0.81094
72.8	0.78105
73.0	0.80823
73.2	0.78503
73.4	0.78921
73.6	0.77524
73.8	0.81726
74.0	0.80347
74.2	0.79998
74.4	0.77037
74.6	0.81265
74.8	0.77786
75.0	0.80219
75.2	0.80817
75.4	0.77669
75.6	0.81427
75.8	0.82091
76.0	0.78615
76.2	0.79104
76.4	0.75436
76.6	0.76488
76.8	0.79187
77.0	0.79821
77.2	0.72894
77.4	0.76691
77.6	0.70336
77.8	0.75873
78.0	0.78644
78.2	0.76186
78.4	0.75710
78.6	0.75972
78.8	0.75695
79.0	0.74328
79.2	0.73448
79.4	0.75311
79.6	0.74217
79.8	0.72875
80.0	0.70612
80.2	0.73815
80.4	0.71909
80.6	0.73782
80.8	0.74004
81.0	0.73782
81.2	0.73271
81.4	0.73079
81.6	0.74657
81.8	0.71995
82.0	0.70489
82.2	0.71480
82.4	0.73667
82.6	0.68951
82.8	0.74452
83.0	0.71436
83.2	0.70519
83.4	0.70735
83.6	0.73678
83.8	0.72146
84.0	0.68373
84.2	0.72628
84.4	0.71222
84.6	0.70105
84.8	0.68406
85.0	0.72048
85.2	0.70578
85.4	0.67100
85.6	0.67629
85.8	0.69681
86.0	0.68131
86.2	0.68541
86.4	0.69228
86.6	0.70512
86.8	0.71639
87.0	0.67681
87.2	0.69944
87.4	0.71594
87.6	0.71403
87.8	0.70411
88.0	0.68306
88.2	0.68176
88.4	0.68243
88.6	0.69786
88.8	0.66453
89.0	0.68324
89.2	0.68472
89.4	0.70560
89.6	0.70637
89.8	0.69060
90.0	0.66637
90.2	0.67099
90.4	0.73420
90.6	0.70469
90.8	0.68526
91.0	0.68994
91.2	0.64730
91.4	0.66253
91.6	0.68008
91.8	0.66842
92.0	0.67800
92.2	0.64555
92.4	0.66068
92.6	0.66892
92.8	0.65785
93.0	0.70290
93.2	0.65536
93.4	0.66353
93.6	0.69532
93.8	0.62214
94.0	0.67550
94.2	0.63352
94.4	0.66204
94.6	0.66943
94.8	0.70113
95.0	0.65867
95.2	0.66061
95.4	0.65091
95.6	0.70067
95.8	0.66805
96.0	0.66931
96.2	0.64165
96.4	0.64471
96.6	0.62949
96.8	0.70341
97.0	0.64531
97.2	0.62007
97.4	0.70338
97.6	0.67107
97.8	0.64658
98.0	0.66551
98.2	0.63644
98.4	0.67123
98.6	0.63001
98.8	0.62170
99.0	0.66658
99.2	0.65789
99.4	0.65196
99.6	0.64202
99.8	0.60040
100.0	0.66402
100.2	0.67349
100.4	0.65257
100.6	0.64667
100.8	0.63540
101.0	0.63831
101.2	0.65878
101.4	0.65799
101.6	0.66432
101.8	0.61767
102.0	0.61714
102.2	0.63237
102.4	0.66197
102.6	0.60106
102.8	0.64195
103.0	0.61576
103.2	0.62232
103.4	0.61990
103.6	0.67363
103.8	0.62930
104.0	0.62900
104.2	0.61720
104.4	0.65532
104.6	0.63770
104.8	0.67393
105.0	0.61335
105.2	0.61719
105.4	0.63919
105.6	0.62870
105.8	0.64508
106.0	0.62675
106.2	0.60716
106.4	0.59365
106.6	0.62589
106.8	0.62274
107.0	0.62830
107.2	0.62885
107.4	0.58411
107.6	0.63004
107.8	0.65256
108.0	0.58408
108.2	0.64071
108.4	0.59988
108.6	0.64033
108.8	0.61333
109.0	0.60972
109.2	0.64315
109.4	0.62814
109.6	0.59786
109.8	0.65275
110.0	0.66746
110.2	0.61542
110.4	0.66585
110.6	0.61022
110.8	0.62757
111.0	0.60213
111.2	0.58743
111.4	0.59215
111.6	0.61349
111.8	0.62834
112.0	0.59490
112.2	0.65369
112.4	0.59380
112.6	0.64509
112.8	0.60695
113.0	0.63169
113.2	0.62410
113.4	0.62357
113.6	0.58589
113.8	0.61949
114.0	0.61696
114.2	0.60947
114.4	0.60250
114.6	0.62770
114.8	0.60834
115.0	0.64433
115.2	0.57601
115.4	0.58873
115.6	0.59643
115.8	0.62509
116.0	0.62241
116.2	0.60993
116.4	0.63216
116.6	0.61228
116.8	0.61236
117.0	0.64070
117.2	0.59783
117.4	0.64395
117.6	0.59518
117.8	0.63896
118.0	0.63101
118.2	0.58393
118.4	0.61419
118.6	0.60400
118.8	0.63381
119.0	0.64967
119.2	0.60185
119.4	0.59791
119.6	0.60834
119.8	0.58120
120.0	0.64101
120.2	0.59710
120.4	0.58398
120.6	0.63316
120.8	0.60142
121.0	0.60539
121.2	0.59311
121.4	0.59458
121.6	0.61988
121.8	0.61121
122.0	0.58987
122.2	0.61159
122.4	0.59264
122.6	0.59861
122.8	0.60655
123.0	0.59716
123.2	0.60245
123.4	0.62044
123.6	0.61204
123.8	0.59367
124.0	0.61752
124.2	0.63705
124.4	0.63962
124.6	0.59939
124.8	0.63533
125.0	0.58458
125.2	0.64011
125.4	0.59531
125.6	0.62215
125.8	0.60361
126.0	0.57827
126.2	0.61545
126.4	0.59314
126.6	0.60037
126.8	0.59114
127.0	0.58851
127.2	0.55848
127.4	0.63480
127.6	0.57716
127.8	1.06902
128.0	-0.42724
128.2	-5.76107
128.4	1.67001
128.6	0.53232
128.8	0.64016
129.0	0.61304
129.2	0.49576
129.4	0.59533
129.6	0.65845
129.8	0.71914
130.0	0.82172
130.2	0.98932
130.4	0.74245
130.6	1.49625
130.8	0.49813
131.0	0.42877
131.2	-2.25944
131.4	1.28093
131.6	0.47684
131.8	0.86297
132.0	0.64529
132.2	0.60786
132.4	0.58859
132.6	0.58307
132.8	0.60148
133.0	0.61075
133.2	0.59778
133.4	0.58522
133.6	0.62852
133.8	0.55809
134.0	0.57613
134.2	0.59746
134.4	0.59763
134.6	0.58242
134.8	0.56348
135.0	0.58876
135.2	0.61126
135.4	0.58519
135.6	0.60862
135.8	0.56332
136.0	0.58880
136.2	0.62362
136.4	0.59051
136.6	0.56082
136.8	0.57885
137.0	0.58112
137.2	0.56880
137.4	0.60348
137.6	0.57662
137.8	0.60964
138.0	0.57954
138.2	0.58298
138.4	0.55440
138.6	0.61663
138.8	0.61266
139.0	0.58065
139.2	0.55388
139.4	0.59295
139.6	0.55992
139.8	0.59206
140.0	0.58823
140.2	0.61701
140.4	0.59227
140.6	0.59074
140.8	0.54892
141.0	0.59657
141.2	0.58543
141.4	0.58573
141.6	0.57599
141.8	0.57893
142.0	0.58363
142.2	0.57500
142.4	0.59140
142.6	0.55061
142.8	0.61673
143.0	0.60771
143.2	0.62044
143.4	0.59073
143.6	0.58775
143.8	0.57205
144.0	0.60044
144.2	0.61789
144.4	0.58704
144.6	0.57382
144.8	0.57049
145.0	0.54217
145.2	0.58514
145.4	0.57399
145.6	0.57780
145.8	0.60324
146.0	0.59617
146.2	0.60288
146.4	0.55879
146.6	0.57549
146.8	0.55706
147.0	0.56159
147.2	0.57645
147.4	0.57510
147.6	0.59325
147.8	0.56072
148.0	0.57754
148.2	0.56642
148.4	0.56594
148.6	0.56766
148.8	0.53593
149.0	0.58522
149.2	0.58278
149.4	0.56784
149.6	0.54217
149.8	0.55243
150.0	0.55159
150.2	0.56134
150.4	0.57531
150.6	0.55653
150.8	0.53134
151.0	0.57085
151.2	0.57621
151.4	0.53837
151.6	0.56975
151.8	0.53490
152.0	0.56228
152.2	0.52355
152.4	0.57808
152.6	0.55917
152.8	0.56208
153.0	0.58531
153.2	0.54609
153.4	0.54893
153.6	0.53889
153.8	0.57347
154.0	0.55965
154.2	0.53406
154.4	0.52632
154.6	0.54004
154.8	0.51468
155.0	0.53468
155.2	0.59797
155.4	0.56036
155.6	0.55221
155.8	0.56969
156.0	0.55309
156.2	0.57809
156.4	0.56244
156.6	0.54029
156.8	0.53433

