ｻﾝﾌﾟﾙ:	'1
ﾌｧｲﾙ名:	1.5.UDT
分析日時:	'15:21:12, 07/21/2022
ｵﾍﾟﾚｰﾀ:	北海道大学理学研究院
ｺﾒﾝﾄ:	'

光度計
ﾓﾃﾞﾙ:	U-3010形分光光度計
ｼﾘｱﾙ No.:	'1479-001
ROM Ver.:	2520 10

装置条件
測定ﾓｰﾄﾞ:	時間変化測定
ﾃﾞｰﾀﾓｰﾄﾞ:	Abs
測定時間:	300 s
測定波長:	550.00 nm
ｻﾝﾌﾟﾘﾝｸﾞ間隔:	0.2 s
初期待ち時間:	1 s
測定前ｵｰﾄｾﾞﾛ:	Off
ｽﾘｯﾄ:	2 nm
ﾎﾄﾏﾙ電圧:	自動制御
光源切換ﾓｰﾄﾞ:	自動切換
光源切換波長:	340.00 nm
ﾍﾞｰｽﾗｲﾝ設定:	ﾕｰｻﾞ 1
高分解能測定:	On
D2ﾗﾝﾌﾟ:	On
WIﾗﾝﾌﾟ:	On
ｾﾙ長補正:	On
ｾﾙ長:	10.0 mm

ﾃﾞｰﾀ処理項目
ｽﾍﾟｸﾄﾙ演算
ｽﾍﾟｸﾄﾙ1:	100.0000 * 1(DaTa11)

ﾚｰﾄ計算結果
開始 (s)	終了 (s)	Kﾌｧｸﾀ	傾き	活性度	R	R2
0.0	60.0	1.000000	-1.75308	-1.75308	0.675696	0.456565

ﾋﾟｰｸ検出
検出方法:	Rectangular
感度:	1
しきい値:	0.0100

ﾋﾟｰｸ
ﾋﾟｰｸ No.	開始 (s)	ﾋﾟｰｸ (s)	終了 (s)	高さ (Abs)	ﾊﾞﾚｰ (s)	ﾊﾞﾚｰ (Abs)
1	0.0	1.2	4.0	3.93108	4.0	3.86289
2	4.0	6.6	8.0	3.93679	8.0	3.83488
3	8.0	9.8	12.2	3.92201	12.2	3.88320
4	12.2	15.0	16.4	3.92312	16.4	3.86060
5	16.4	19.8	21.6	3.93532	21.6	3.86662
6	21.6	22.2	25.0	3.92439	25.0	3.86364
7	25.0	25.4	27.0	3.92118	27.0	3.86190
8	27.0	28.6	32.2	3.92650	32.2	3.74808
9	32.2	33.8	35.4	4.21671	35.4	2.66418
10	35.4	35.6	98.4	4.02072	98.4	1.34970
11	98.4	99.4	103.2	1.39531	103.2	1.31860
12	103.2	103.8	111.8	1.36173	111.8	1.23840
13	111.8	112.4	117.8	1.30697	117.8	1.18391
14	117.8	118.4	122.0	1.25710	122.0	1.18832
15	122.0	126.4	129.4	1.57277	129.4	1.05975
16	129.4	130.0	134.8	1.13170	134.8	1.06043
17	134.8	135.8	136.6	1.11018	136.6	1.06367
18	136.6	139.2	141.2	1.10189	141.2	1.05056

ﾃﾞｰﾀﾘｽﾄ
s	Abs
0.0	3.91157
0.2	3.91157
0.4	3.89405
0.6	3.92957
0.8	3.92616
1.0	3.89869
1.2	3.93108
1.4	3.88549
1.6	3.89392
1.8	3.89242
2.0	3.90843
2.2	3.91224
2.4	3.92585
2.6	3.88017
2.8	3.91101
3.0	3.89301
3.2	3.90751
3.4	3.90404
3.6	3.92622
3.8	3.88780
4.0	3.86289
4.2	3.92393
4.4	3.88909
4.6	3.91803
4.8	3.90249
5.0	3.90593
5.2	3.89626
5.4	3.88476
5.6	3.90162
5.8	3.91050
6.0	3.87617
6.2	3.92029
6.4	3.91042
6.6	3.93679
6.8	3.92206
7.0	3.90863
7.2	3.88837
7.4	3.88956
7.6	3.90249
7.8	3.92084
8.0	3.83488
8.2	3.87095
8.4	3.87667
8.6	3.89827
8.8	3.94919
9.0	3.86844
9.2	3.91553
9.4	3.89450
9.6	3.87672
9.8	3.92201
10.0	3.91783
10.2	3.91572
10.4	3.90056
10.6	3.88775
10.8	3.91804
11.0	3.92124
11.2	3.92068
11.4	3.89764
11.6	3.90030
11.8	3.89499
12.0	3.89830
12.2	3.88320
12.4	3.89645
12.6	3.89917
12.8	3.90287
13.0	3.87133
13.2	3.94627
13.4	3.92110
13.6	3.88616
13.8	3.90749
14.0	3.90963
14.2	3.90780
14.4	3.86787
14.6	3.88784
14.8	3.89243
15.0	3.92312
15.2	3.91439
15.4	3.91231
15.6	3.87794
15.8	3.92055
16.0	3.88530
16.2	3.89460
16.4	3.86060
16.6	3.92134
16.8	3.90731
17.0	3.88907
17.2	3.89768
17.4	3.89829
17.6	3.89715
17.8	3.91021
18.0	3.91269
18.2	3.86462
18.4	3.90535
18.6	3.88507
18.8	3.91728
19.0	3.83358
19.2	3.90392
19.4	3.88395
19.6	3.91041
19.8	3.93532
20.0	3.90045
20.2	3.90314
20.4	3.86703
20.6	3.86034
20.8	3.93348
21.0	3.87679
21.2	3.87955
21.4	3.88882
21.6	3.86662
21.8	3.89048
22.0	3.89134
22.2	3.92439
22.4	3.92248
22.6	3.89941
22.8	3.89963
23.0	3.91189
23.2	3.90764
23.4	3.88462
23.6	3.88859
23.8	3.86623
24.0	3.87610
24.2	3.90119
24.4	3.90536
24.6	3.91683
24.8	3.87264
25.0	3.86364
25.2	3.90307
25.4	3.92118
25.6	3.91172
25.8	3.88391
26.0	3.87730
26.2	3.87564
26.4	3.88658
26.6	3.90543
26.8	3.87430
27.0	3.86190
27.2	3.88085
27.4	3.90202
27.6	3.88306
27.8	3.89896
28.0	3.90808
28.2	3.88975
28.4	3.88123
28.6	3.92650
28.8	3.89466
29.0	3.89268
29.2	3.88218
29.4	3.88688
29.6	3.92386
29.8	3.91044
30.0	3.87317
30.2	3.89465
30.4	3.90029
30.6	3.87582
30.8	3.90888
31.0	3.87860
31.2	4.15583
31.4	4.43148
31.6	-4.69269
31.8	5.13766
32.0	3.58679
32.2	3.74808
32.4	3.91514
32.6	3.90835
32.8	3.87039
33.0	4.12369
33.2	3.87305
33.4	3.83074
33.6	3.82751
33.8	4.21671
34.0	3.91644
34.2	3.76681
34.4	3.34776
34.6	3.67487
34.8	3.74284
35.0	3.63336
35.2	2.70931
35.4	2.66418
35.6	4.02072
35.8	4.01643
36.0	3.68186
36.2	3.63564
36.4	3.61133
36.6	3.55160
36.8	3.54090
37.0	3.53576
37.2	3.53897
37.4	3.48446
37.6	3.52194
37.8	3.51153
38.0	3.46036
38.2	3.48639
38.4	3.44415
38.6	3.46247
38.8	3.42164
39.0	3.41324
39.2	3.40552
39.4	3.38007
39.6	3.36732
39.8	3.39204
40.0	3.33009
40.2	3.32913
40.4	3.30191
40.6	3.27523
40.8	3.27718
41.0	3.24605
41.2	3.22726
41.4	3.22203
41.6	3.21708
41.8	3.19070
42.0	3.18843
42.2	3.14881
42.4	3.15585
42.6	3.15462
42.8	3.15096
43.0	3.08888
43.2	3.07947
43.4	3.10621
43.6	3.11276
43.8	3.05065
44.0	3.04762
44.2	3.05552
44.4	3.01726
44.6	3.00515
44.8	2.97819
45.0	2.99236
45.2	2.94465
45.4	2.97780
45.6	2.94140
45.8	2.96482
46.0	2.87476
46.2	2.92809
46.4	2.87137
46.6	2.87279
46.8	2.87660
47.0	2.85139
47.2	2.84690
47.4	2.81828
47.6	2.82851
47.8	2.80827
48.0	2.81588
48.2	2.79147
48.4	2.76598
48.6	2.77075
48.8	2.74668
49.0	2.77318
49.2	2.74533
49.4	2.69561
49.6	2.71929
49.8	2.69646
50.0	2.69332
50.2	2.72303
50.4	2.67489
50.6	2.66088
50.8	2.65550
51.0	2.67280
51.2	2.62470
51.4	2.61800
51.6	2.61818
51.8	2.59118
52.0	2.59219
52.2	2.58300
52.4	2.58637
52.6	2.56821
52.8	2.58689
53.0	2.53608
53.2	2.53355
53.4	2.52708
53.6	2.53482
53.8	2.50786
54.0	2.48463
54.2	2.47048
54.4	2.49869
54.6	2.44857
54.8	2.47029
55.0	2.43723
55.2	2.40580
55.4	2.44325
55.6	2.38292
55.8	2.40737
56.0	2.39103
56.2	2.40627
56.4	2.36473
56.6	2.37969
56.8	2.38587
57.0	2.34777
57.2	2.32940
57.4	2.37114
57.6	2.32189
57.8	2.35526
58.0	2.34861
58.2	2.28381
58.4	2.31688
58.6	2.29635
58.8	2.27212
59.0	2.26269
59.2	2.26118
59.4	2.24977
59.6	2.28779
59.8	2.25107
60.0	2.26324
60.2	2.24903
60.4	2.22523
60.6	2.22415
60.8	2.21908
61.0	2.18956
61.2	2.20688
61.4	2.20105
61.6	2.19870
61.8	2.15118
62.0	2.13595
62.2	2.15949
62.4	2.15721
62.6	2.14533
62.8	2.12505
63.0	2.12384
63.2	2.12190
63.4	2.11697
63.6	2.09418
63.8	2.10708
64.0	2.06383
64.2	2.10789
64.4	2.07718
64.6	2.09341
64.8	2.05122
65.0	2.03008
65.2	2.07238
65.4	2.04117
65.6	2.07524
65.8	2.05198
66.0	2.03051
66.2	2.01687
66.4	2.01141
66.6	2.00428
66.8	1.98911
67.0	2.00976
67.2	1.97495
67.4	1.98650
67.6	2.00035
67.8	1.99633
68.0	1.95336
68.2	1.95601
68.4	1.95972
68.6	1.95839
68.8	1.95575
69.0	1.91460
69.2	1.94546
69.4	1.92469
69.6	1.92434
69.8	1.93726
70.0	1.92201
70.2	1.90876
70.4	1.91034
70.6	1.87145
70.8	1.91903
71.0	1.85129
71.2	1.87024
71.4	1.86761
71.6	1.85930
71.8	1.83810
72.0	1.85471
72.2	1.85607
72.4	1.81669
72.6	1.85089
72.8	1.86247
73.0	1.83227
73.2	1.83248
73.4	1.82704
73.6	1.80498
73.8	1.78423
74.0	1.78866
74.2	1.79820
74.4	1.80507
74.6	1.80221
74.8	1.77678
75.0	1.80123
75.2	1.77563
75.4	1.74355
75.6	1.76602
75.8	1.76873
76.0	1.77197
76.2	1.74450
76.4	1.76658
76.6	1.75928
76.8	1.76898
77.0	1.73143
77.2	1.75027
77.4	1.75063
77.6	1.71885
77.8	1.75089
78.0	1.73383
78.2	1.69682
78.4	1.71220
78.6	1.70187
78.8	1.68583
79.0	1.68218
79.2	1.69686
79.4	1.69210
79.6	1.69779
79.8	1.68500
80.0	1.65563
80.2	1.70284
80.4	1.62949
80.6	1.65630
80.8	1.63123
81.0	1.64859
81.2	1.65856
81.4	1.66472
81.6	1.64399
81.8	1.61722
82.0	1.61128
82.2	1.63518
82.4	1.58850
82.6	1.63662
82.8	1.62547
83.0	1.59685
83.2	1.61613
83.4	1.59895
83.6	1.60059
83.8	1.59274
84.0	1.61396
84.2	1.58566
84.4	1.62394
84.6	1.58160
84.8	1.59329
85.0	1.59338
85.2	1.58829
85.4	1.60104
85.6	1.55630
85.8	1.55187
86.0	1.58945
86.2	1.56642
86.4	1.57689
86.6	1.55066
86.8	1.54210
87.0	1.56277
87.2	1.53959
87.4	1.53632
87.6	1.54260
87.8	1.51759
88.0	1.53642
88.2	1.54169
88.4	1.50683
88.6	1.53138
88.8	1.52834
89.0	1.50016
89.2	1.52314
89.4	1.50822
89.6	1.51250
89.8	1.51259
90.0	1.53870
90.2	1.49875
90.4	1.48176
90.6	1.49817
90.8	1.49502
91.0	1.53065
91.2	1.46246
91.4	1.47951
91.6	1.51633
91.8	1.45494
92.0	1.49523
92.2	1.45055
92.4	1.46016
92.6	1.49953
92.8	1.43922
93.0	1.47427
93.2	1.43526
93.4	1.44085
93.6	1.46976
93.8	1.44500
94.0	1.44212
94.2	1.40985
94.4	1.43504
94.6	1.47565
94.8	1.48703
95.0	1.43002
95.2	1.42487
95.4	1.47019
95.6	1.42904
95.8	1.43477
96.0	1.43513
96.2	1.41728
96.4	1.40182
96.6	1.41290
96.8	1.41481
97.0	1.40175
97.2	1.42418
97.4	1.39960
97.6	1.46606
97.8	1.38482
98.0	1.39279
98.2	1.37721
98.4	1.34970
98.6	1.38060
98.8	1.40972
99.0	1.35652
99.2	1.39588
99.4	1.39531
99.6	1.36436
99.8	1.38579
100.0	1.38736
100.2	1.37272
100.4	1.38021
100.6	1.37428
100.8	1.37376
101.0	1.38379
101.2	1.35607
101.4	1.34565
101.6	1.34960
101.8	1.37235
102.0	1.36786
102.2	1.33766
102.4	1.35730
102.6	1.39654
102.8	1.32693
103.0	1.32859
103.2	1.31860
103.4	1.31946
103.6	1.35758
103.8	1.36173
104.0	1.34047
104.2	1.33006
104.4	1.33528
104.6	1.31783
104.8	1.32892
105.0	1.32362
105.2	1.33609
105.4	1.31889
105.6	1.32951
105.8	1.32284
106.0	1.30768
106.2	1.31640
106.4	1.30988
106.6	1.31586
106.8	1.30213
107.0	1.31028
107.2	1.28569
107.4	1.31699
107.6	1.29526
107.8	1.32441
108.0	1.31098
108.2	1.27975
108.4	1.32040
108.6	1.28190
108.8	1.27589
109.0	1.29452
109.2	1.30869
109.4	1.28060
109.6	1.26514
109.8	1.28616
110.0	1.28418
110.2	1.27343
110.4	1.33794
110.6	1.25956
110.8	1.28099
111.0	1.26372
111.2	1.27913
111.4	1.24407
111.6	1.30563
111.8	1.23840
112.0	1.25081
112.2	1.25542
112.4	1.30697
112.6	1.27238
112.8	1.28682
113.0	1.24170
113.2	1.25311
113.4	1.29381
113.6	1.24998
113.8	1.25914
114.0	1.24150
114.2	1.25479
114.4	1.25052
114.6	1.25122
114.8	1.25995
115.0	1.25072
115.2	1.26005
115.4	1.24164
115.6	1.25417
115.8	1.26840
116.0	1.23862
116.2	1.25051
116.4	1.22709
116.6	1.23962
116.8	1.24733
117.0	1.21372
117.2	1.23755
117.4	1.20500
117.6	1.23193
117.8	1.18391
118.0	1.22931
118.2	1.24492
118.4	1.25710
118.6	1.24604
118.8	1.23161
119.0	1.22870
119.2	1.25418
119.4	1.24258
119.6	1.21395
119.8	1.23746
120.0	1.25533
120.2	1.17872
120.4	1.22718
120.6	1.18974
120.8	1.20196
121.0	1.22912
121.2	1.20363
121.4	1.22246
121.6	1.19008
121.8	1.20046
122.0	1.18832
122.2	1.20130
122.4	1.23314
122.6	1.20666
122.8	1.20816
123.0	1.22439
123.2	1.21019
123.4	1.19280
123.6	1.19027
123.8	1.23417
124.0	1.26232
124.2	-0.17765
124.4	-0.08785
124.6	2.15740
124.8	1.46524
125.0	0.97978
125.2	1.13307
125.4	1.07190
125.6	1.33395
125.8	1.06336
126.0	1.17523
126.2	1.15422
126.4	1.57277
126.6	1.43788
126.8	1.46069
127.0	0.02985
127.2	-0.99907
127.4	1.11462
127.6	1.34920
127.8	1.30162
128.0	1.10173
128.2	1.09318
128.4	1.08752
128.6	1.08810
128.8	1.07924
129.0	1.09799
129.2	1.10528
129.4	1.05975
129.6	1.09394
129.8	1.11540
130.0	1.13170
130.2	1.08697
130.4	1.07427
130.6	1.06826
130.8	1.08893
131.0	1.07992
131.2	1.09452
131.4	1.09583
131.6	1.08319
131.8	1.06298
132.0	1.09769
132.2	1.06863
132.4	1.09774
132.6	1.08493
132.8	1.07502
133.0	1.09451
133.2	1.09594
133.4	1.07317
133.6	1.09170
133.8	1.06916
134.0	1.06807
134.2	1.09486
134.4	1.08399
134.6	1.09943
134.8	1.06043
135.0	1.06804
135.2	1.08322
135.4	1.07928
135.6	1.06579
135.8	1.11018
136.0	1.09704
136.2	1.08115
136.4	1.07554
136.6	1.06367
136.8	1.10059
137.0	1.06810
137.2	1.06770
137.4	1.09080
137.6	1.07947
137.8	1.07675
138.0	1.09644
138.2	1.06995
138.4	1.09525
138.6	1.06799
138.8	1.08020
139.0	1.07729
139.2	1.10189
139.4	1.07384
139.6	1.07052
139.8	1.05215
140.0	1.06866
140.2	1.07958
140.4	1.09275
140.6	1.09051
140.8	1.06320
141.0	1.05235
141.2	1.05056
141.4	1.06066
141.6	1.07966
141.8	1.11447
142.0	1.07427
142.2	1.06167
142.4	1.07175
142.6	1.07592
142.8	1.09945
143.0	1.07226
143.2	1.07360
143.4	1.09663
143.6	1.10108
143.8	1.07790
144.0	1.07937
144.2	1.05801
144.4	1.08602

