ｻﾝﾌﾟﾙ:	'1
ﾌｧｲﾙ名:	1.UDT
分析日時:	'15:03:59, 07/21/2022
ｵﾍﾟﾚｰﾀ:	北海道大学理学研究院
ｺﾒﾝﾄ:	'

光度計
ﾓﾃﾞﾙ:	U-3010形分光光度計
ｼﾘｱﾙ No.:	'1479-001
ROM Ver.:	2520 10

装置条件
測定ﾓｰﾄﾞ:	時間変化測定
ﾃﾞｰﾀﾓｰﾄﾞ:	Abs
測定時間:	300 s
測定波長:	550.00 nm
ｻﾝﾌﾟﾘﾝｸﾞ間隔:	0.2 s
初期待ち時間:	1 s
測定前ｵｰﾄｾﾞﾛ:	Off
ｽﾘｯﾄ:	2 nm
ﾎﾄﾏﾙ電圧:	自動制御
光源切換ﾓｰﾄﾞ:	自動切換
光源切換波長:	340.00 nm
ﾍﾞｰｽﾗｲﾝ設定:	ﾕｰｻﾞ 1
高分解能測定:	On
D2ﾗﾝﾌﾟ:	On
WIﾗﾝﾌﾟ:	On
ｾﾙ長補正:	On
ｾﾙ長:	10.0 mm

ﾃﾞｰﾀ処理項目
ｽﾍﾟｸﾄﾙ演算
ｽﾍﾟｸﾄﾙ1:	100.0000 * 1(DaTa09)

ﾚｰﾄ計算結果
開始 (s)	終了 (s)	Kﾌｧｸﾀ	傾き	活性度	R	R2
0.0	60.0	1.000000	-1.13479	-1.13479	0.63404	0.402007

ﾋﾟｰｸ検出
検出方法:	Rectangular
感度:	1
しきい値:	0.0100

ﾋﾟｰｸ
ﾋﾟｰｸ No.	開始 (s)	ﾋﾟｰｸ (s)	終了 (s)	高さ (Abs)	ﾊﾞﾚｰ (s)	ﾊﾞﾚｰ (Abs)
1	0.0	2.8	4.8	2.38568	4.8	2.32208
2	4.8	6.0	9.4	2.37223	9.4	2.30217
3	9.4	11.0	12.6	2.36930	12.6	2.32469
4	12.6	13.8	14.2	2.37701	14.2	2.32153
5	14.2	15.2	18.6	2.36917	18.6	2.31965
6	18.6	20.2	21.2	2.34674	21.2	2.31987
7	21.2	23.0	24.0	2.37232	24.0	2.32126
8	24.0	26.0	26.4	2.37942	26.4	2.30775
9	26.4	33.8	34.0	2.35559	34.0	2.29570
10	34.0	36.4	37.4	3.23102	37.4	1.39432
11	37.4	38.2	78.8	2.40687	78.8	0.76064
12	78.8	79.6	92.8	0.82973	92.8	0.65759
13	92.8	94.2	96.4	0.70503	96.4	0.60609
14	96.4	98.6	102.4	0.69901	102.4	0.58514
15	102.4	103.4	106.4	0.64757	106.4	0.57243
16	106.4	107.6	108.2	0.61604	108.2	0.58118
17	108.2	108.4	110.6	0.61470	110.6	0.56261
18	110.6	113.2	114.8	0.61524	114.8	0.53863
19	114.8	116.8	119.6	0.59935	119.6	0.51980
20	119.6	120.0	120.8	0.59745	120.8	0.53450
21	120.8	122.8	127.8	0.57263	127.8	-0.04316
22	127.8	129.6	131.6	1.07107	131.6	0.48312
23	131.6	134.6	138.2	0.56535	138.2	0.49231
24	138.2	140.2	142.6	0.55157	142.6	0.50952
25	142.6	143.8	144.4	0.54486	144.4	0.50419
26	144.4	146.6	148.0	0.54508	148.0	0.50345

ﾃﾞｰﾀﾘｽﾄ
s	Abs
0.0	2.35867
0.2	2.35867
0.4	2.33938
0.6	2.37748
0.8	2.36140
1.0	2.34790
1.2	2.31126
1.4	2.32021
1.6	2.34635
1.8	2.36325
2.0	2.36058
2.2	2.33873
2.4	2.34546
2.6	2.30978
2.8	2.38568
3.0	2.31513
3.2	2.34450
3.4	2.33598
3.6	2.34241
3.8	2.35884
4.0	2.33833
4.2	2.36175
4.4	2.33967
4.6	2.34852
4.8	2.32208
5.0	2.35127
5.2	2.33178
5.4	2.36771
5.6	2.35888
5.8	2.36981
6.0	2.37223
6.2	2.31222
6.4	2.36831
6.6	2.34220
6.8	2.32552
7.0	2.34872
7.2	2.36223
7.4	2.35599
7.6	2.33947
7.8	2.34069
8.0	2.33215
8.2	2.32996
8.4	2.33672
8.6	2.43516
8.8	2.34723
9.0	2.33610
9.2	2.34951
9.4	2.30217
9.6	2.35717
9.8	2.34692
10.0	2.32564
10.2	2.34813
10.4	2.34482
10.6	2.36276
10.8	2.35929
11.0	2.36930
11.2	2.33090
11.4	2.35656
11.6	2.33637
11.8	2.34123
12.0	2.33623
12.2	2.32841
12.4	2.35466
12.6	2.32469
12.8	2.33940
13.0	2.35239
13.2	2.35075
13.4	2.34404
13.6	2.32791
13.8	2.37701
14.0	2.32898
14.2	2.32153
14.4	2.34667
14.6	2.36087
14.8	2.34073
15.0	2.34007
15.2	2.36917
15.4	2.34820
15.6	2.31555
15.8	2.34387
16.0	2.32374
16.2	2.36201
16.4	2.32857
16.6	2.33551
16.8	2.34178
17.0	2.34010
17.2	2.32201
17.4	2.33189
17.6	2.37615
17.8	2.33406
18.0	2.34001
18.2	2.33896
18.4	2.35127
18.6	2.31965
18.8	2.34629
19.0	2.34366
19.2	2.35692
19.4	2.34393
19.6	2.34217
19.8	2.34285
20.0	2.30622
20.2	2.34674
20.4	2.33672
20.6	2.29435
20.8	2.34365
21.0	2.32399
21.2	2.31987
21.4	2.32538
21.6	2.33450
21.8	2.36745
22.0	2.33295
22.2	2.35924
22.4	2.34338
22.6	2.34488
22.8	2.35828
23.0	2.37232
23.2	2.34328
23.4	2.32445
23.6	2.33951
23.8	2.36258
24.0	2.32126
24.2	2.33913
24.4	2.36215
24.6	2.33304
24.8	2.35450
25.0	2.39931
25.2	2.29813
25.4	2.34789
25.6	2.33889
25.8	2.34124
26.0	2.37942
26.2	2.31795
26.4	2.30775
26.6	2.34964
26.8	2.31251
27.0	2.31464
27.2	2.33041
27.4	2.35260
27.6	2.36777
27.8	2.31623
28.0	2.36056
28.2	2.34850
28.4	2.30885
28.6	2.35271
28.8	2.31716
29.0	2.34177
29.2	2.33519
29.4	2.30644
29.6	2.33501
29.8	2.32474
30.0	2.33894
30.2	2.33690
30.4	2.34561
30.6	2.34553
30.8	2.32641
31.0	2.33475
31.2	2.34095
31.4	2.34467
31.6	2.33641
31.8	2.31523
32.0	2.33055
32.2	2.34230
32.4	2.33228
32.6	2.33835
32.8	2.34710
33.0	2.35497
33.2	2.32558
33.4	2.34771
33.6	2.31346
33.8	2.35559
34.0	2.29570
34.2	2.34490
34.4	2.32103
34.6	2.33753
34.8	2.33556
35.0	2.36355
35.2	2.33478
35.4	2.34177
35.6	2.32902
35.8	2.73635
36.0	2.32620
36.2	-2.98561
36.4	3.23102
36.6	2.15971
36.8	2.49558
37.0	2.19356
37.2	1.92890
37.4	1.39432
37.6	2.36734
37.8	2.32625
38.0	2.14307
38.2	2.40687
38.4	2.27983
38.6	2.22997
38.8	2.26711
39.0	2.37401
39.2	2.21838
39.4	2.33367
39.6	1.79979
39.8	2.15104
40.0	-0.94789
40.2	2.72553
40.4	2.02092
40.6	2.38880
40.8	2.15886
41.0	2.07964
41.2	2.05664
41.4	2.05603
41.6	2.06608
41.8	2.01727
42.0	2.00226
42.2	2.02003
42.4	1.98949
42.6	1.98895
42.8	1.99175
43.0	1.97668
43.2	1.93462
43.4	1.92759
43.6	1.92452
43.8	1.90284
44.0	1.87719
44.2	1.86477
44.4	1.87088
44.6	1.83744
44.8	1.85051
45.0	1.85898
45.2	1.81755
45.4	1.81160
45.6	1.79878
45.8	1.78703
46.0	1.76533
46.2	1.78104
46.4	1.77533
46.6	1.76838
46.8	1.73385
47.0	1.73763
47.2	1.71580
47.4	1.68983
47.6	1.70903
47.8	1.66337
48.0	1.66839
48.2	1.65182
48.4	1.65182
48.6	1.64884
48.8	1.62846
49.0	1.60598
49.2	1.59963
49.4	1.57368
49.6	1.60061
49.8	1.55779
50.0	1.58299
50.2	1.56565
50.4	1.53510
50.6	1.55111
50.8	1.54146
51.0	1.52189
51.2	1.52698
51.4	1.50554
51.6	1.51652
51.8	1.50993
52.0	1.48526
52.2	1.45742
52.4	1.48668
52.6	1.48446
52.8	1.47786
53.0	1.40055
53.2	1.45341
53.4	1.46145
53.6	1.41844
53.8	1.39608
54.0	1.40892
54.2	1.38556
54.4	1.41420
54.6	1.39070
54.8	1.39388
55.0	1.33899
55.2	1.37975
55.4	1.35645
55.6	1.35742
55.8	1.34886
56.0	1.29484
56.2	1.31078
56.4	1.33195
56.6	1.29281
56.8	1.30717
57.0	1.30259
57.2	1.32514
57.4	1.27180
57.6	1.26491
57.8	1.26626
58.0	1.24233
58.2	1.25002
58.4	1.26278
58.6	1.24844
58.8	1.22299
59.0	1.25005
59.2	1.17942
59.4	1.21661
59.6	1.23544
59.8	1.17262
60.0	1.18275
60.2	1.20272
60.4	1.16098
60.6	1.21292
60.8	1.16659
61.0	1.16621
61.2	1.16743
61.4	1.14294
61.6	1.16107
61.8	1.12225
62.0	1.13379
62.2	1.14643
62.4	1.11924
62.6	1.12131
62.8	1.12126
63.0	1.10195
63.2	1.11027
63.4	1.09024
63.6	1.13460
63.8	1.10908
64.0	1.10403
64.2	1.08845
64.4	1.00166
64.6	1.05533
64.8	1.06013
65.0	1.07396
65.2	1.02026
65.4	1.02596
65.6	1.04239
65.8	1.00876
66.0	1.01715
66.2	1.03777
66.4	1.04154
66.6	1.01442
66.8	1.00315
67.0	1.00589
67.2	1.02979
67.4	1.02923
67.6	0.98398
67.8	1.02791
68.0	0.98245
68.2	0.95865
68.4	1.00465
68.6	0.97030
68.8	0.97839
69.0	0.98200
69.2	0.99283
69.4	0.96044
69.6	0.97542
69.8	0.94331
70.0	0.97182
70.2	0.94212
70.4	0.97641
70.6	0.94456
70.8	0.98482
71.0	0.96088
71.2	0.95497
71.4	0.93232
71.6	0.92599
71.8	0.89611
72.0	0.91653
72.2	0.94184
72.4	0.92466
72.6	0.90378
72.8	0.90139
73.0	0.87046
73.2	0.90087
73.4	0.88984
73.6	0.88709
73.8	0.85576
74.0	0.88455
74.2	0.88531
74.4	0.86283
74.6	0.88305
74.8	0.85197
75.0	0.87675
75.2	0.83405
75.4	0.84295
75.6	0.86475
75.8	0.86265
76.0	0.86538
76.2	0.83911
76.4	0.85986
76.6	0.82197
76.8	0.91595
77.0	0.80428
77.2	0.82147
77.4	0.83215
77.6	0.83333
77.8	0.82997
78.0	0.82228
78.2	0.81672
78.4	0.81853
78.6	0.82822
78.8	0.76064
79.0	0.79016
79.2	0.79487
79.4	0.79591
79.6	0.82973
79.8	0.82920
80.0	0.79231
80.2	0.77966
80.4	0.78203
80.6	0.78332
80.8	0.80974
81.0	0.75617
81.2	0.78607
81.4	0.79847
81.6	0.77624
81.8	0.79536
82.0	0.78069
82.2	0.76468
82.4	0.78029
82.6	0.74736
82.8	0.76670
83.0	0.77691
83.2	0.77327
83.4	0.73957
83.6	0.77940
83.8	0.73838
84.0	0.76363
84.2	0.77227
84.4	0.71893
84.6	0.76594
84.8	0.74600
85.0	0.73512
85.2	0.74196
85.4	0.73159
85.6	0.73865
85.8	0.77170
86.0	0.72594
86.2	0.70164
86.4	0.72372
86.6	0.71927
86.8	0.72775
87.0	0.71349
87.2	0.72410
87.4	0.69750
87.6	0.71979
87.8	0.73194
88.0	0.69950
88.2	0.73560
88.4	0.70642
88.6	0.72207
88.8	0.72267
89.0	0.71368
89.2	0.70173
89.4	0.67916
89.6	0.71812
89.8	0.68436
90.0	0.70557
90.2	0.70517
90.4	0.71666
90.6	0.68436
90.8	0.70180
91.0	0.69770
91.2	0.69872
91.4	0.68713
91.6	0.70252
91.8	0.69094
92.0	0.67277
92.2	0.68243
92.4	0.68182
92.6	0.67898
92.8	0.65759
93.0	0.69218
93.2	0.67636
93.4	0.68472
93.6	0.67107
93.8	0.65483
94.0	0.66145
94.2	0.70503
94.4	0.65936
94.6	0.65877
94.8	0.67851
95.0	0.65340
95.2	0.68087
95.4	0.64282
95.6	0.65630
95.8	0.65209
96.0	0.69119
96.2	0.64970
96.4	0.60609
96.6	0.67557
96.8	0.66510
97.0	0.66348
97.2	0.67947
97.4	0.64354
97.6	0.65687
97.8	0.67570
98.0	0.64662
98.2	0.62486
98.4	0.69587
98.6	0.69901
98.8	0.63147
99.0	0.63656
99.2	0.65851
99.4	0.60764
99.6	0.67238
99.8	0.65209
100.0	0.64630
100.2	0.62620
100.4	0.65923
100.6	0.64424
100.8	0.65044
101.0	0.61994
101.2	0.60221
101.4	0.65544
101.6	0.59609
101.8	0.64599
102.0	0.62036
102.2	0.63808
102.4	0.58514
102.6	0.63624
102.8	0.59067
103.0	0.62576
103.2	0.61617
103.4	0.64757
103.6	0.59940
103.8	0.62386
104.0	0.59884
104.2	0.64316
104.4	0.63652
104.6	0.61193
104.8	0.56892
105.0	0.60541
105.2	0.62566
105.4	0.59353
105.6	0.60385
105.8	0.60252
106.0	0.57388
106.2	0.59117
106.4	0.57243
106.6	0.59752
106.8	0.60548
107.0	0.60816
107.2	0.58083
107.4	0.59583
107.6	0.61604
107.8	0.58956
108.0	0.58180
108.2	0.58118
108.4	0.61470
108.6	0.59937
108.8	0.58255
109.0	0.59806
109.2	0.60719
109.4	0.57569
109.6	0.60201
109.8	0.57699
110.0	0.58676
110.2	0.58476
110.4	0.58443
110.6	0.56261
110.8	0.59095
111.0	0.59516
111.2	0.60559
111.4	0.59132
111.6	0.60545
111.8	0.58775
112.0	0.60673
112.2	0.58564
112.4	0.56777
112.6	0.59588
112.8	0.57061
113.0	0.58777
113.2	0.61524
113.4	0.59141
113.6	0.57793
113.8	0.57801
114.0	0.59454
114.2	0.57794
114.4	0.57972
114.6	0.55567
114.8	0.53863
115.0	0.57425
115.2	0.57195
115.4	0.56885
115.6	0.57527
115.8	0.55777
116.0	0.55165
116.2	0.59671
116.4	0.55042
116.6	0.59864
116.8	0.59935
117.0	0.58187
117.2	0.54327
117.4	0.58594
117.6	0.59749
117.8	0.58444
118.0	0.56195
118.2	0.51739
118.4	0.54740
118.6	0.55066
118.8	0.56038
119.0	0.56649
119.2	0.53607
119.4	0.55207
119.6	0.51980
119.8	0.54786
120.0	0.59745
120.2	0.58442
120.4	0.56774
120.6	0.58081
120.8	0.53450
121.0	0.54641
121.2	0.55788
121.4	0.56553
121.6	0.55098
121.8	0.54285
122.0	0.58801
122.2	0.55665
122.4	0.56048
122.6	0.56250
122.8	0.57263
123.0	0.55949
123.2	0.56341
123.4	0.56107
123.6	0.55487
123.8	0.55097
124.0	0.56088
124.2	0.57293
124.4	0.57498
124.6	0.54177
124.8	0.54618
125.0	0.54764
125.2	0.55177
125.4	0.55049
125.6	0.55627
125.8	0.52938
126.0	0.56271
126.2	0.53497
126.4	0.53141
126.6	0.83329
126.8	-2.29812
127.0	0.79766
127.2	0.33584
127.4	0.20924
127.6	0.48491
127.8	-0.04316
128.0	0.44795
128.2	0.59698
128.4	0.37381
128.6	1.20599
128.8	0.44021
129.0	0.39571
129.2	-4.35686
129.4	0.97222
129.6	1.07107
129.8	0.76873
130.0	0.53480
130.2	0.54882
130.4	0.51717
130.6	0.50792
130.8	0.53802
131.0	0.52309
131.2	0.50641
131.4	0.49521
131.6	0.48312
131.8	0.53630
132.0	0.50845
132.2	0.53694
132.4	0.54986
132.6	0.53047
132.8	0.54442
133.0	0.54461
133.2	0.50713
133.4	0.55189
133.6	0.55436
133.8	0.54036
134.0	0.54021
134.2	0.52988
134.4	0.52613
134.6	0.56535
134.8	0.53026
135.0	0.53272
135.2	0.55879
135.4	0.53243
135.6	0.52602
135.8	0.54701
136.0	0.52475
136.2	0.54058
136.4	0.53013
136.6	0.53785
136.8	0.52571
137.0	0.53555
137.2	0.55980
137.4	0.53994
137.6	0.48647
137.8	0.49965
138.0	0.55603
138.2	0.49231
138.4	0.55308
138.6	0.50057
138.8	0.51396
139.0	0.54802
139.2	0.49828
139.4	0.55071
139.6	0.52964
139.8	0.52622
140.0	0.52809
140.2	0.55157
140.4	0.51933
140.6	0.52775
140.8	0.51711
141.0	0.54337
141.2	0.51897
141.4	0.52844
141.6	0.53240
141.8	0.51774
142.0	0.52533
142.2	0.53004
142.4	0.55654
142.6	0.50952
142.8	0.52388
143.0	0.53880
143.2	0.53520
143.4	0.53664
143.6	0.50839
143.8	0.54486
144.0	0.53343
144.2	0.53133
144.4	0.50419
144.6	0.52108
144.8	0.55205
145.0	0.51742
145.2	0.55758
145.4	0.54157
145.6	0.52584
145.8	0.52511
146.0	0.53188
146.2	0.53017
146.4	0.51963
146.6	0.54508
146.8	0.51402
147.0	0.53590
147.2	0.51305
147.4	0.51443
147.6	0.50500
147.8	0.52849
148.0	0.50345

