ｻﾝﾌﾟﾙ:	'1
ﾌｧｲﾙ名:	2.UDT
分析日時:	'15:40:20, 07/21/2022
ｵﾍﾟﾚｰﾀ:	北海道大学理学研究院
ｺﾒﾝﾄ:	'

光度計
ﾓﾃﾞﾙ:	U-3010形分光光度計
ｼﾘｱﾙ No.:	'1479-001
ROM Ver.:	2520 10

装置条件
測定ﾓｰﾄﾞ:	時間変化測定
ﾃﾞｰﾀﾓｰﾄﾞ:	Abs
測定時間:	300 s
測定波長:	550.00 nm
ｻﾝﾌﾟﾘﾝｸﾞ間隔:	0.2 s
初期待ち時間:	1 s
測定前ｵｰﾄｾﾞﾛ:	Off
ｽﾘｯﾄ:	2 nm
ﾎﾄﾏﾙ電圧:	自動制御
光源切換ﾓｰﾄﾞ:	自動切換
光源切換波長:	340.00 nm
ﾍﾞｰｽﾗｲﾝ設定:	ﾕｰｻﾞ 1
高分解能測定:	On
D2ﾗﾝﾌﾟ:	On
WIﾗﾝﾌﾟ:	On
ｾﾙ長補正:	On
ｾﾙ長:	10.0 mm

ﾃﾞｰﾀ処理項目
ｽﾍﾟｸﾄﾙ演算
ｽﾍﾟｸﾄﾙ1:	100.0000 * 1(DaTa13)

ﾚｰﾄ計算結果
開始 (s)	終了 (s)	Kﾌｧｸﾀ	傾き	活性度	R	R2
0.0	60.0	1.000000	-1.47604	-1.47604	0.710652	0.505027

ﾋﾟｰｸ検出
検出方法:	Rectangular
感度:	1
しきい値:	0.0100

ﾋﾟｰｸ
ﾋﾟｰｸ No.	開始 (s)	ﾋﾟｰｸ (s)	終了 (s)	高さ (Abs)	ﾊﾞﾚｰ (s)	ﾊﾞﾚｰ (Abs)
1	0.0	15.8	18.0	5.38935	18.0	5.29155
2	18.0	20.0	22.4	5.41169	22.4	5.30988
3	22.4	24.6	24.8	5.36340	24.8	5.27728
4	24.8	26.4	29.2	5.34464	29.2	5.29047
5	29.2	31.2	31.4	5.34955	31.4	5.27539
6	31.4	33.4	37.8	5.33868	37.8	1.76395
7	37.8	40.4	41.2	5.72347	41.2	1.34779
8	41.2	41.4	110.4	5.86392	110.4	2.02924
9	110.4	111.4	113.6	2.07495	113.6	1.99290
10	113.6	114.0	121.4	2.06051	121.4	1.89328
11	121.4	122.2	127.0	1.95806	127.0	1.83050
12	127.0	128.0	144.4	1.89519	144.4	-6.67197
13	144.4	145.8	147.4	1.87580	147.4	-4.09077
14	147.4	147.6	148.4	2.33462	148.4	1.47855
15	148.4	149.4	151.0	1.59725	151.0	1.43410
16	151.0	152.8	154.8	1.54370	154.8	1.48753
17	154.8	157.6	160.6	1.53878	160.6	1.50058
18	160.6	161.2	163.4	1.52786	163.4	1.48210
19	163.4	166.0	169.6	1.53040	169.6	1.49193
20	169.6	171.0	173.2	1.54798	173.2	1.48191
21	173.2	175.2	177.0	1.54075	177.0	1.46295
22	177.0	179.8	181.6	1.55986	181.6	1.47494

ﾃﾞｰﾀﾘｽﾄ
s	Abs
0.0	5.32924
0.2	5.32924
0.4	5.35588
0.6	5.32680
0.8	5.30765
1.0	5.33949
1.2	5.35068
1.4	5.33224
1.6	5.34201
1.8	5.29500
2.0	5.34746
2.2	5.30069
2.4	5.30667
2.6	5.33181
2.8	5.29915
3.0	5.32098
3.2	5.33320
3.4	5.31010
3.6	5.28537
3.8	5.34354
4.0	5.34426
4.2	5.33733
4.4	5.32883
4.6	5.29112
4.8	5.37928
5.0	5.32691
5.2	5.31397
5.4	5.37764
5.6	5.29605
5.8	5.33299
6.0	5.32415
6.2	5.34574
6.4	5.31355
6.6	5.32824
6.8	5.32026
7.0	5.34952
7.2	5.32274
7.4	5.32803
7.6	5.33401
7.8	5.30466
8.0	5.32592
8.2	5.33064
8.4	5.31148
8.6	5.30236
8.8	5.29879
9.0	5.30187
9.2	5.31247
9.4	5.35321
9.6	5.34645
9.8	5.29604
10.0	5.33223
10.2	5.28612
10.4	5.29472
10.6	5.35974
10.8	5.32756
11.0	5.32842
11.2	5.32097
11.4	5.31272
11.6	5.27927
11.8	5.33490
12.0	5.36947
12.2	5.31094
12.4	5.29435
12.6	5.33528
12.8	5.34475
13.0	5.33258
13.2	5.31387
13.4	5.31922
13.6	5.32017
13.8	5.30566
14.0	5.33197
14.2	5.30979
14.4	5.34502
14.6	5.33510
14.8	5.31052
15.0	5.34152
15.2	5.30549
15.4	5.31358
15.6	5.33016
15.8	5.38935
16.0	5.30839
16.2	5.32700
16.4	5.32895
16.6	5.29808
16.8	5.29089
17.0	5.37787
17.2	5.35669
17.4	5.30206
17.6	5.29634
17.8	5.33657
18.0	5.29155
18.2	5.30004
18.4	5.32165
18.6	5.36341
18.8	5.32870
19.0	5.35565
19.2	5.27949
19.4	5.31786
19.6	5.26459
19.8	5.33272
20.0	5.41169
20.2	5.33640
20.4	5.35650
20.6	5.33018
20.8	5.32857
21.0	5.31970
21.2	5.29183
21.4	5.33470
21.6	5.31861
21.8	5.34607
22.0	5.32431
22.2	5.32263
22.4	5.30988
22.6	5.31584
22.8	5.31236
23.0	5.31583
23.2	5.32369
23.4	5.31897
23.6	5.31925
23.8	5.31891
24.0	5.34018
24.2	5.31928
24.4	5.33384
24.6	5.36340
24.8	5.27728
25.0	5.32032
25.2	5.33046
25.4	5.30273
25.6	5.29193
25.8	5.32541
26.0	5.32131
26.2	5.33136
26.4	5.34464
26.6	5.31837
26.8	5.32377
27.0	5.32656
27.2	5.25301
27.4	5.28431
27.6	5.31524
27.8	5.32263
28.0	5.33389
28.2	5.30898
28.4	5.31859
28.6	5.27073
28.8	5.29906
29.0	5.33752
29.2	5.29047
29.4	5.29489
29.6	5.31632
29.8	5.29646
30.0	5.29452
30.2	5.29397
30.4	5.30831
30.6	5.30009
30.8	5.32819
31.0	5.31579
31.2	5.34955
31.4	5.27539
31.6	5.31250
31.8	5.29540
32.0	5.28267
32.2	5.30658
32.4	5.30532
32.6	5.33479
32.8	5.31461
33.0	5.32768
33.2	5.33804
33.4	5.33868
33.6	5.30436
33.8	5.30583
34.0	5.33749
34.2	5.31731
34.4	5.32800
34.6	5.33110
34.8	5.32225
35.0	5.35603
35.2	5.32740
35.4	5.30329
35.6	5.36279
35.8	5.31132
36.0	5.34399
36.2	5.29943
36.4	5.29621
36.6	5.31458
36.8	5.28469
37.0	5.27176
37.2	5.32725
37.4	5.35545
37.6	4.15646
37.8	1.76395
38.0	6.84780
38.2	5.16211
38.4	5.20095
38.6	5.18759
38.8	4.69201
39.0	5.45054
39.2	5.28511
39.4	5.23983
39.6	5.23835
39.8	5.26785
40.0	5.12059
40.2	5.14996
40.4	5.72347
40.6	5.35820
40.8	5.01986
41.0	4.53872
41.2	1.34779
41.4	5.86392
41.6	5.36509
41.8	5.22715
42.0	5.03680
42.2	5.02477
42.4	5.00666
42.6	5.01134
42.8	4.95137
43.0	4.99005
43.2	4.88505
43.4	4.93350
43.6	4.87742
43.8	4.89364
44.0	4.83639
44.2	4.82042
44.4	4.77516
44.6	4.78908
44.8	4.75161
45.0	4.72508
45.2	4.73172
45.4	4.71218
45.6	4.67438
45.8	4.71307
46.0	4.64590
46.2	4.66102
46.4	4.58933
46.6	4.61126
46.8	4.58850
47.0	4.62969
47.2	4.58599
47.4	4.52258
47.6	4.49660
47.8	4.48317
48.0	4.52883
48.2	4.51659
48.4	4.48347
48.6	4.46868
48.8	4.44376
49.0	4.42749
49.2	4.40019
49.4	4.40257
49.6	4.35724
49.8	4.33739
50.0	4.33623
50.2	4.29744
50.4	4.31241
50.6	4.31390
50.8	4.29650
51.0	4.25192
51.2	4.25333
51.4	4.24122
51.6	4.24612
51.8	4.22066
52.0	4.20760
52.2	4.20292
52.4	4.14724
52.6	4.18526
52.8	4.15423
53.0	4.09561
53.2	4.09109
53.4	4.10899
53.6	4.10194
53.8	4.06111
54.0	4.04552
54.2	4.06390
54.4	4.04965
54.6	3.99217
54.8	4.03602
55.0	4.02511
55.2	3.93290
55.4	3.95663
55.6	3.93986
55.8	3.89875
56.0	3.91830
56.2	3.89062
56.4	3.90616
56.6	3.88502
56.8	3.85987
57.0	3.85863
57.2	3.83050
57.4	3.82201
57.6	3.86275
57.8	3.81384
58.0	3.82141
58.2	3.79063
58.4	3.79285
58.6	3.74469
58.8	3.70699
59.0	3.76370
59.2	3.72897
59.4	3.67143
59.6	3.71121
59.8	3.69031
60.0	3.66289
60.2	3.69433
60.4	3.67135
60.6	3.66898
60.8	3.64590
61.0	3.66679
61.2	3.59277
61.4	3.61220
61.6	3.54784
61.8	3.59228
62.0	3.54803
62.2	3.56962
62.4	3.56636
62.6	3.56896
62.8	3.54555
63.0	3.50156
63.2	3.51042
63.4	3.49513
63.6	3.48007
63.8	3.45463
64.0	3.45736
64.2	3.45973
64.4	3.44466
64.6	3.41064
64.8	3.45874
65.0	3.45218
65.2	3.36116
65.4	3.40618
65.6	3.34816
65.8	3.34620
66.0	3.34431
66.2	3.32233
66.4	3.31990
66.6	3.35118
66.8	3.31807
67.0	3.37479
67.2	3.30782
67.4	3.29810
67.6	3.26230
67.8	3.27446
68.0	3.23871
68.2	3.24815
68.4	3.21827
68.6	3.23424
68.8	3.17379
69.0	3.23972
69.2	3.19019
69.4	3.19791
69.6	3.18772
69.8	3.21216
70.0	3.16539
70.2	3.17182
70.4	3.19457
70.6	3.11860
70.8	3.14077
71.0	3.14861
71.2	3.15778
71.4	3.13096
71.6	3.08418
71.8	3.11277
72.0	3.07173
72.2	3.07683
72.4	3.06220
72.6	3.08667
72.8	3.09035
73.0	3.04632
73.2	3.04235
73.4	3.00795
73.6	2.99056
73.8	3.00200
74.0	2.99175
74.2	3.00820
74.4	2.96820
74.6	3.00597
74.8	2.98567
75.0	3.00311
75.2	2.95679
75.4	2.98836
75.6	2.92065
75.8	2.91274
76.0	2.95686
76.2	2.94797
76.4	2.94862
76.6	2.91278
76.8	2.91504
77.0	2.88063
77.2	2.87175
77.4	2.87563
77.6	2.85563
77.8	2.86264
78.0	2.85355
78.2	2.84534
78.4	2.92507
78.6	2.79641
78.8	2.84260
79.0	2.86573
79.2	2.81010
79.4	2.84300
79.6	2.79807
79.8	2.76712
80.0	2.76153
80.2	2.77151
80.4	2.79750
80.6	2.74885
80.8	2.76489
81.0	2.72462
81.2	2.76118
81.4	2.72924
81.6	2.75343
81.8	2.73213
82.0	2.72168
82.2	2.70997
82.4	2.70542
82.6	2.70386
82.8	2.70820
83.0	2.67722
83.2	2.68422
83.4	2.64996
83.6	2.65677
83.8	2.66105
84.0	2.64447
84.2	2.64567
84.4	2.58020
84.6	2.72231
84.8	2.59457
85.0	2.60255
85.2	2.62884
85.4	2.58083
85.6	2.59126
85.8	2.60613
86.0	2.54300
86.2	2.60384
86.4	2.57885
86.6	2.61155
86.8	2.58294
87.0	2.54377
87.2	2.54152
87.4	2.54834
87.6	2.54497
87.8	2.53063
88.0	2.53145
88.2	2.51870
88.4	2.53881
88.6	2.47831
88.8	2.50361
89.0	2.53223
89.2	2.46590
89.4	2.50980
89.6	2.46863
89.8	2.48591
90.0	2.50791
90.2	2.45872
90.4	2.44845
90.6	2.49449
90.8	2.46832
91.0	2.46899
91.2	2.42831
91.4	2.41753
91.6	2.44956
91.8	2.40188
92.0	2.47075
92.2	2.38221
92.4	2.41023
92.6	2.45697
92.8	2.38257
93.0	2.42776
93.2	2.37796
93.4	2.40723
93.6	2.38434
93.8	2.39463
94.0	2.34883
94.2	2.34435
94.4	2.34190
94.6	2.39345
94.8	2.35905
95.0	2.37410
95.2	2.31170
95.4	2.37314
95.6	2.34966
95.8	2.34277
96.0	2.30434
96.2	2.35533
96.4	2.30838
96.6	2.30885
96.8	2.31314
97.0	2.34694
97.2	2.30602
97.4	2.33673
97.6	2.26765
97.8	2.27324
98.0	2.29695
98.2	2.28919
98.4	2.24050
98.6	2.29751
98.8	2.30319
99.0	2.28155
99.2	2.29187
99.4	2.26723
99.6	2.26070
99.8	2.25093
100.0	2.23571
100.2	2.25248
100.4	2.29768
100.6	2.24785
100.8	2.21888
101.0	2.24475
101.2	2.23506
101.4	2.22252
101.6	2.23332
101.8	2.26510
102.0	2.26135
102.2	2.22105
102.4	2.21520
102.6	2.22346
102.8	2.19130
103.0	2.17103
103.2	2.19852
103.4	2.17481
103.6	2.16484
103.8	2.15300
104.0	2.19560
104.2	2.13287
104.4	2.18544
104.6	2.13408
104.8	2.20574
105.0	2.11514
105.2	2.12262
105.4	2.13536
105.6	2.14609
105.8	2.15831
106.0	2.14230
106.2	2.12579
106.4	2.10973
106.6	2.10901
106.8	2.17575
107.0	2.15060
107.2	2.13709
107.4	2.13481
107.6	2.10133
107.8	2.10622
108.0	2.15221
108.2	2.10356
108.4	2.08698
108.6	2.12569
108.8	2.06580
109.0	2.10367
109.2	2.04894
109.4	2.10433
109.6	2.05294
109.8	2.07380
110.0	2.05450
110.2	2.04948
110.4	2.02924
110.6	2.04020
110.8	2.06916
111.0	2.06828
111.2	2.06171
111.4	2.07495
111.6	2.06044
111.8	2.03601
112.0	2.06765
112.2	2.10387
112.4	2.02169
112.6	2.06453
112.8	2.00842
113.0	1.99571
113.2	1.99982
113.4	2.03652
113.6	1.99290
113.8	2.01145
114.0	2.06051
114.2	2.01515
114.4	2.02510
114.6	2.01577
114.8	2.03348
115.0	2.00530
115.2	1.98427
115.4	1.99177
115.6	1.97834
115.8	1.96600
116.0	1.98054
116.2	2.00921
116.4	1.93993
116.6	1.99499
116.8	1.93195
117.0	1.95933
117.2	1.94308
117.4	1.95905
117.6	1.99601
117.8	2.01684
118.0	1.91541
118.2	1.93283
118.4	1.96561
118.6	1.91770
118.8	1.98888
119.0	1.90236
119.2	1.93994
119.4	1.93090
119.6	1.93468
119.8	1.90931
120.0	1.92491
120.2	1.97899
120.4	1.92808
120.6	1.92778
120.8	1.93264
121.0	1.90606
121.2	1.92429
121.4	1.89328
121.6	1.93757
121.8	1.94111
122.0	1.90151
122.2	1.95806
122.4	1.93385
122.6	1.88494
122.8	1.94067
123.0	1.84067
123.2	1.89194
123.4	1.89125
123.6	1.94533
123.8	1.88362
124.0	1.87119
124.2	1.93721
124.4	1.87563
124.6	1.89293
124.8	1.88103
125.0	1.87903
125.2	1.89724
125.4	1.86298
125.6	1.90194
125.8	1.82076
126.0	1.86450
126.2	1.88032
126.4	1.84249
126.6	1.89378
126.8	1.87036
127.0	1.83050
127.2	1.85554
127.4	1.89411
127.6	1.84620
127.8	1.86492
128.0	1.89519
128.2	1.87633
128.4	1.86682
128.6	1.84996
128.8	1.79519
129.0	1.83750
129.2	1.81254
129.4	1.82643
129.6	1.76571
129.8	1.85340
130.0	1.81664
130.2	1.80520
130.4	1.80906
130.6	1.79358
130.8	1.85645
131.0	1.82327
131.2	1.80661
131.4	1.81057
131.6	1.78011
131.8	1.78910
132.0	1.82084
132.2	1.80037
132.4	1.79865
132.6	1.80555
132.8	1.76005
133.0	1.81034
133.2	1.80996
133.4	1.81987
133.6	1.79244
133.8	1.79829
134.0	1.77462
134.2	1.81699
134.4	1.76568
134.6	1.81653
134.8	1.75378
135.0	1.73275
135.2	1.83975
135.4	1.76930
135.6	1.75714
135.8	1.74324
136.0	1.82116
136.2	1.77733
136.4	1.73672
136.6	1.73952
136.8	1.78939
137.0	1.77986
137.2	1.79430
137.4	1.74907
137.6	1.76657
137.8	1.72791
138.0	1.73946
138.2	1.74872
138.4	1.73794
138.6	1.75778
138.8	1.70214
139.0	1.74595
139.2	1.73143
139.4	1.71078
139.6	1.77104
139.8	1.73193
140.0	1.74611
140.2	1.72391
140.4	1.78698
140.6	1.72960
140.8	1.69511
141.0	1.77146
141.2	1.72683
141.4	1.70246
141.6	1.76287
141.8	1.73213
142.0	1.73459
142.2	1.72848
142.4	1.71350
142.6	1.72424
142.8	1.70742
143.0	1.71659
143.2	1.71891
143.4	1.72177
143.6	1.73266
143.8	1.70618
144.0	2.19851
144.2	0.14016
144.4	-6.67197
144.6	2.66303
144.8	1.78822
145.0	1.70912
145.2	1.81175
145.4	1.72044
145.6	1.75593
145.8	1.87580
146.0	1.85301
146.2	1.74174
146.4	1.70807
146.6	1.33423
146.8	2.09038
147.0	1.30954
147.2	1.06293
147.4	-4.09077
147.6	2.33462
147.8	2.06799
148.0	1.65675
148.2	1.49359
148.4	1.47855
148.6	1.53048
148.8	1.57079
149.0	1.51333
149.2	1.51637
149.4	1.59725
149.6	1.53044
149.8	1.54128
150.0	1.50395
150.2	1.51617
150.4	1.54001
150.6	1.53155
150.8	1.51772
151.0	1.43410
151.2	1.48488
151.4	1.50415
151.6	1.49460
151.8	1.54773
152.0	1.52559
152.2	1.47390
152.4	1.50293
152.6	1.52134
152.8	1.54370
153.0	1.50038
153.2	1.49571
153.4	1.58553
153.6	1.49400
153.8	1.50993
154.0	1.50153
154.2	1.55883
154.4	1.50030
154.6	1.49325
154.8	1.48753
155.0	1.48970
155.2	1.52100
155.4	1.54319
155.6	1.50203
155.8	1.55838
156.0	1.53233
156.2	1.52766
156.4	1.51041
156.6	1.54521
156.8	1.56112
157.0	1.51264
157.2	1.49104
157.4	1.52782
157.6	1.53878
157.8	1.51965
158.0	1.52097
158.2	1.53656
158.4	1.49175
158.6	1.52539
158.8	1.51001
159.0	1.49061
159.2	1.54001
159.4	1.50389
159.6	1.55687
159.8	1.48643
160.0	1.51875
160.2	1.50851
160.4	1.50763
160.6	1.50058
160.8	1.51609
161.0	1.51040
161.2	1.52786
161.4	1.50795
161.6	1.51087
161.8	1.52778
162.0	1.52220
162.2	1.50633
162.4	1.51712
162.6	1.50489
162.8	1.51998
163.0	1.51910
163.2	1.52872
163.4	1.48210
163.6	1.50274
163.8	1.49389
164.0	1.52362
164.2	1.48734
164.4	1.54444
164.6	1.50796
164.8	1.48140
165.0	1.50700
165.2	1.52986
165.4	1.50922
165.6	1.51447
165.8	1.48487
166.0	1.53040
166.2	1.52344
166.4	1.52208
166.6	1.52084
166.8	1.52977
167.0	1.50184
167.2	1.52916
167.4	1.52184
167.6	1.49189
167.8	1.51877
168.0	1.52103
168.2	1.50145
168.4	1.50313
168.6	1.49938
168.8	1.51076
169.0	1.50413
169.2	1.51064
169.4	1.51926
169.6	1.49193
169.8	1.52163
170.0	1.50423
170.2	1.53205
170.4	1.52791
170.6	1.50198
170.8	1.52621
171.0	1.54798
171.2	1.51446
171.4	1.50824
171.6	1.48415
171.8	1.53408
172.0	1.49142
172.2	1.49975
172.4	1.51187
172.6	1.50124
172.8	1.52736
173.0	1.50267
173.2	1.48191
173.4	1.48227
173.6	1.48800
173.8	1.51933
174.0	1.49498
174.2	1.51955
174.4	1.52369
174.6	1.49074
174.8	1.51360
175.0	1.50061
175.2	1.54075
175.4	1.51647
175.6	1.49804
175.8	1.52614
176.0	1.50013
176.2	1.50422
176.4	1.48509
176.6	1.50790
176.8	1.49505
177.0	1.46295
177.2	1.50260
177.4	1.48847
177.6	1.53349
177.8	1.51324
178.0	1.51304
178.2	1.48749
178.4	1.52151
178.6	1.51340
178.8	1.50874
179.0	1.49254
179.2	1.53226
179.4	1.48890
179.6	1.48119
179.8	1.55986
180.0	1.50596
180.2	1.48968
180.4	1.52611
180.6	1.49862
180.8	1.50740
181.0	1.50311
181.2	1.50377
181.4	1.49470
181.6	1.47494

