ｻﾝﾌﾟﾙ:	'1
ﾌｧｲﾙ名:	3.UDT
分析日時:	'16:10:15, 07/21/2022
ｵﾍﾟﾚｰﾀ:	北海道大学理学研究院
ｺﾒﾝﾄ:	'

光度計
ﾓﾃﾞﾙ:	U-3010形分光光度計
ｼﾘｱﾙ No.:	'1479-001
ROM Ver.:	2520 10

装置条件
測定ﾓｰﾄﾞ:	時間変化測定
ﾃﾞｰﾀﾓｰﾄﾞ:	Abs
測定時間:	300 s
測定波長:	550.00 nm
ｻﾝﾌﾟﾘﾝｸﾞ間隔:	0.2 s
初期待ち時間:	1 s
測定前ｵｰﾄｾﾞﾛ:	Off
ｽﾘｯﾄ:	2 nm
ﾎﾄﾏﾙ電圧:	自動制御
光源切換ﾓｰﾄﾞ:	自動切換
光源切換波長:	340.00 nm
ﾍﾞｰｽﾗｲﾝ設定:	ﾕｰｻﾞ 1
高分解能測定:	On
D2ﾗﾝﾌﾟ:	On
WIﾗﾝﾌﾟ:	On
ｾﾙ長補正:	On
ｾﾙ長:	10.0 mm

ﾃﾞｰﾀ処理項目
ｽﾍﾟｸﾄﾙ演算
ｽﾍﾟｸﾄﾙ1:	100.0000 * 1(DaTa15)

ﾚｰﾄ計算結果
開始 (s)	終了 (s)	Kﾌｧｸﾀ	傾き	活性度	R	R2
0.0	60.0	1.000000	-2.98211	-2.98211	0.87018	0.757213

ﾋﾟｰｸ検出
検出方法:	Rectangular
感度:	1
しきい値:	0.0100

ﾋﾟｰｸ
ﾋﾟｰｸ No.	開始 (s)	ﾋﾟｰｸ (s)	終了 (s)	高さ (Abs)	ﾊﾞﾚｰ (s)	ﾊﾞﾚｰ (Abs)
1	0.0	5.4	5.8	8.07448	5.8	8.01793
2	5.8	6.8	8.6	8.07382	8.6	8.01772
3	8.6	10.6	13.4	8.08516	13.4	7.99735
4	13.4	14.0	15.2	8.06544	15.2	7.98758
5	15.2	17.8	19.6	8.04482	19.6	7.99273
6	19.6	20.2	22.2	8.08163	22.2	8.01519
7	22.2	24.0	26.2	8.07914	26.2	2.00929
8	26.2	26.6	30.0	8.18565	30.0	6.87318
9	30.0	30.2	134.6	8.16431	134.6	2.94399
10	134.6	135.4	170.2	2.99700	170.2	2.60346
11	170.2	171.8	176.0	2.64082	176.0	2.53266
12	176.0	176.6	182.0	2.61228	182.0	2.51176
13	182.0	183.4	183.8	2.57676	183.8	2.51146
14	183.8	185.0	185.6	2.55773	185.6	2.49263
15	185.6	186.2	192.0	2.54681	192.0	2.47729
16	192.0	192.6	194.6	2.52605	194.6	-1.58650
17	194.6	196.4	202.0	2.75136	202.0	2.30070
18	202.0	205.0	206.0	2.35207	206.0	2.32344
19	206.0	208.0	211.0	2.40175	211.0	2.29867

ﾃﾞｰﾀﾘｽﾄ
s	Abs
0.0	8.04046
0.2	8.04046
0.4	8.01771
0.6	8.07596
0.8	8.06654
1.0	8.01400
1.2	8.02718
1.4	8.04879
1.6	8.03782
1.8	8.05402
2.0	8.00944
2.2	8.07157
2.4	8.07734
2.6	8.06562
2.8	8.04510
3.0	8.04421
3.2	8.03994
3.4	8.05519
3.6	8.05024
3.8	8.06958
4.0	8.04376
4.2	8.06675
4.4	8.04113
4.6	8.04553
4.8	8.06736
5.0	8.04831
5.2	8.06029
5.4	8.07448
5.6	8.07201
5.8	8.01793
6.0	8.04727
6.2	8.04961
6.4	8.04702
6.6	8.03252
6.8	8.07382
7.0	8.03503
7.2	8.05270
7.4	8.05307
7.6	8.05708
7.8	8.03846
8.0	8.03465
8.2	8.03117
8.4	8.03527
8.6	8.01772
8.8	8.07026
9.0	8.02629
9.2	8.04676
9.4	8.03263
9.6	8.07246
9.8	8.02570
10.0	8.06842
10.2	8.07096
10.4	8.01452
10.6	8.08516
10.8	8.03028
11.0	8.03887
11.2	8.06382
11.4	8.06421
11.6	8.04175
11.8	8.03616
12.0	8.03968
12.2	8.03651
12.4	8.04250
12.6	8.03300
12.8	8.04807
13.0	8.04671
13.2	8.02801
13.4	7.99735
13.6	8.03050
13.8	8.03871
14.0	8.06544
14.2	8.01333
14.4	8.03698
14.6	8.02490
14.8	8.03260
15.0	8.01142
15.2	7.98758
15.4	7.99644
15.6	8.03671
15.8	8.01958
16.0	8.06461
16.2	8.00805
16.4	8.04759
16.6	8.00177
16.8	8.03874
17.0	8.03952
17.2	8.02485
17.4	8.04465
17.6	8.00936
17.8	8.04482
18.0	8.03682
18.2	8.00777
18.4	8.02228
18.6	8.02933
18.8	8.02166
19.0	8.02308
19.2	8.03964
19.4	8.02771
19.6	7.99273
19.8	8.01091
20.0	8.03367
20.2	8.08163
20.4	8.03403
20.6	8.03834
20.8	8.01297
21.0	8.02286
21.2	8.06376
21.4	8.03635
21.6	8.02952
21.8	8.00845
22.0	8.05279
22.2	8.01519
22.4	8.02540
22.6	8.01950
22.8	8.06387
23.0	8.03203
23.2	8.02089
23.4	8.04963
23.6	8.02513
23.8	8.04710
24.0	8.07914
24.2	8.04130
24.4	8.02072
24.6	8.04332
24.8	8.06772
25.0	8.01949
25.2	8.07812
25.4	8.02513
25.6	8.04995
25.8	8.44223
26.0	5.29798
26.2	2.00929
26.4	8.02658
26.6	8.18565
26.8	8.07527
27.0	7.92996
27.2	7.93849
27.4	8.10861
27.6	8.08779
27.8	7.92366
28.0	7.98537
28.2	7.85460
28.4	7.94108
28.6	7.89244
28.8	7.87245
29.0	7.74509
29.2	7.87780
29.4	7.87137
29.6	7.73733
29.8	7.32309
30.0	6.87318
30.2	8.16431
30.4	8.14894
30.6	7.83866
30.8	7.74382
31.0	7.68867
31.2	7.66811
31.4	7.64332
31.6	7.63033
31.8	7.58900
32.0	7.55996
32.2	7.56394
32.4	7.54959
32.6	7.53204
32.8	7.47911
33.0	7.49939
33.2	7.45095
33.4	7.41875
33.6	7.43841
33.8	7.39414
34.0	7.34933
34.2	7.35793
34.4	7.33658
34.6	7.28852
34.8	7.32990
35.0	7.24635
35.2	7.25642
35.4	7.25517
35.6	7.20187
35.8	7.18633
36.0	7.17893
36.2	7.17865
36.4	7.11336
36.6	7.10076
36.8	7.09449
37.0	7.06002
37.2	7.07941
37.4	7.03378
37.6	7.00542
37.8	6.98322
38.0	6.97985
38.2	6.95567
38.4	6.97096
38.6	6.90107
38.8	6.91216
39.0	6.87453
39.2	6.86747
39.4	6.87184
39.6	6.87719
39.8	6.82232
40.0	6.84147
40.2	6.83099
40.4	6.79655
40.6	6.76029
40.8	6.74800
41.0	6.71141
41.2	6.68600
41.4	6.70585
41.6	6.66878
41.8	6.64534
42.0	6.62443
42.2	6.62346
42.4	6.58927
42.6	6.59318
42.8	6.60136
43.0	6.57646
43.2	6.52849
43.4	6.47598
43.6	6.50662
43.8	6.49379
44.0	6.47219
44.2	6.44158
44.4	6.44217
44.6	6.42624
44.8	6.39983
45.0	6.40951
45.2	6.33444
45.4	6.32604
45.6	6.34003
45.8	6.30685
46.0	6.27250
46.2	6.28506
46.4	6.27781
46.6	6.22702
46.8	6.21834
47.0	6.23055
47.2	6.18731
47.4	6.19042
47.6	6.19554
47.8	6.15094
48.0	6.11978
48.2	6.15446
48.4	6.07418
48.6	6.10041
48.8	6.10368
49.0	6.11094
49.2	6.05120
49.4	6.00644
49.6	6.03947
49.8	5.97681
50.0	5.99158
50.2	5.99750
50.4	6.00049
50.6	5.96903
50.8	5.96381
51.0	5.91775
51.2	5.92009
51.4	5.90601
51.6	5.88073
51.8	5.85984
52.0	5.85030
52.2	5.85434
52.4	5.86215
52.6	5.80180
52.8	5.74718
53.0	5.81394
53.2	5.75764
53.4	5.74181
53.6	5.72952
53.8	5.75467
54.0	5.75665
54.2	5.68863
54.4	5.69839
54.6	5.66742
54.8	5.67253
55.0	5.65546
55.2	5.62434
55.4	5.61866
55.6	5.58638
55.8	5.57124
56.0	5.55883
56.2	5.56263
56.4	5.57428
56.6	5.57700
56.8	5.56589
57.0	5.52946
57.2	5.52908
57.4	5.51257
57.6	5.50665
57.8	5.48430
58.0	5.44368
58.2	5.46689
58.4	5.41722
58.6	5.41987
58.8	5.43185
59.0	5.37259
59.2	5.38841
59.4	5.38969
59.6	5.36277
59.8	5.35971
60.0	5.33103
60.2	5.33165
60.4	5.33803
60.6	5.32396
60.8	5.29609
61.0	5.27617
61.2	5.24259
61.4	5.25712
61.6	5.28589
61.8	5.23867
62.0	5.19295
62.2	5.20204
62.4	5.19927
62.6	5.19026
62.8	5.14858
63.0	5.18243
63.2	5.18856
63.4	5.19226
63.6	5.14552
63.8	5.10067
64.0	5.11379
64.2	5.08523
64.4	5.11021
64.6	5.07424
64.8	5.04859
65.0	5.04106
65.2	5.03482
65.4	5.00457
65.6	4.99529
65.8	5.00024
66.0	5.01842
66.2	4.97084
66.4	4.95986
66.6	4.98745
66.8	4.99400
67.0	4.93639
67.2	4.94148
67.4	4.92814
67.6	4.91605
67.8	4.88073
68.0	4.89516
68.2	4.88878
68.4	4.88448
68.6	4.85330
68.8	4.83485
69.0	4.83598
69.2	4.83097
69.4	4.82583
69.6	4.82299
69.8	4.82540
70.0	4.80977
70.2	4.77257
70.4	4.77539
70.6	4.79312
70.8	4.78326
71.0	4.75139
71.2	4.77208
71.4	4.77755
71.6	4.69824
71.8	4.71705
72.0	4.69211
72.2	4.68565
72.4	4.66835
72.6	4.67610
72.8	4.66950
73.0	4.65790
73.2	4.64061
73.4	4.65815
73.6	4.66086
73.8	4.62564
74.0	4.60183
74.2	4.61019
74.4	4.60134
74.6	4.58042
74.8	4.58236
75.0	4.55426
75.2	4.56186
75.4	4.56365
75.6	4.54912
75.8	4.52170
76.0	4.53035
76.2	4.52689
76.4	4.51838
76.6	4.46527
76.8	4.50627
77.0	4.42178
77.2	4.47719
77.4	4.47171
77.6	4.45676
77.8	4.43711
78.0	4.42811
78.2	4.40851
78.4	4.43708
78.6	4.41244
78.8	4.40069
79.0	4.37723
79.2	4.37380
79.4	4.37432
79.6	4.37507
79.8	4.35511
80.0	4.35138
80.2	4.32755
80.4	4.38292
80.6	4.31967
80.8	4.34987
81.0	4.30451
81.2	4.28011
81.4	4.32409
81.6	4.30333
81.8	4.25623
82.0	4.26614
82.2	4.27092
82.4	4.23388
82.6	4.23159
82.8	4.24214
83.0	4.26488
83.2	4.22966
83.4	4.20305
83.6	4.23257
83.8	4.22145
84.0	4.20837
84.2	4.20095
84.4	4.18008
84.6	4.17861
84.8	4.17588
85.0	4.15480
85.2	4.16548
85.4	4.13223
85.6	4.14343
85.8	4.13912
86.0	4.10826
86.2	4.07793
86.4	4.13440
86.6	4.10217
86.8	4.11099
87.0	4.10184
87.2	4.09040
87.4	4.07938
87.6	4.06640
87.8	4.05175
88.0	4.04683
88.2	4.03982
88.4	4.03857
88.6	4.04024
88.8	4.04105
89.0	4.03880
89.2	4.00819
89.4	4.01066
89.6	3.97608
89.8	4.00039
90.0	3.98067
90.2	3.97895
90.4	3.95703
90.6	3.97514
90.8	3.96276
91.0	3.96608
91.2	3.95150
91.4	3.91574
91.6	3.91479
91.8	3.92159
92.0	3.95294
92.2	3.92757
92.4	3.90174
92.6	3.90279
92.8	3.89690
93.0	3.88756
93.2	3.87649
93.4	3.87638
93.6	3.87700
93.8	3.87726
94.0	3.82446
94.2	3.84851
94.4	3.85015
94.6	3.83611
94.8	3.79669
95.0	3.80129
95.2	3.82700
95.4	3.79295
95.6	3.78563
95.8	3.78489
96.0	3.83056
96.2	3.78988
96.4	3.77551
96.6	3.75744
96.8	3.80374
97.0	3.75893
97.2	3.77109
97.4	3.75039
97.6	3.72608
97.8	3.74956
98.0	3.74490
98.2	3.72706
98.4	3.70224
98.6	3.72726
98.8	3.69684
99.0	3.73165
99.2	3.70410
99.4	3.67202
99.6	3.67507
99.8	3.67496
100.0	3.70534
100.2	3.70841
100.4	3.67222
100.6	3.67743
100.8	3.65290
101.0	3.64119
101.2	3.64054
101.4	3.64629
101.6	3.62588
101.8	3.65786
102.0	3.59695
102.2	3.61183
102.4	3.61849
102.6	3.62233
102.8	3.62124
103.0	3.61223
103.2	3.57634
103.4	3.56966
103.6	3.59479
103.8	3.54542
104.0	3.59151
104.2	3.58051
104.4	3.54733
104.6	3.56936
104.8	3.53825
105.0	3.56116
105.2	3.54731
105.4	3.55422
105.6	3.51417
105.8	3.50395
106.0	3.53854
106.2	3.51808
106.4	3.51308
106.6	3.51912
106.8	3.53973
107.0	3.47545
107.2	3.49313
107.4	3.52564
107.6	3.49215
107.8	3.49283
108.0	3.46420
108.2	3.46389
108.4	3.46582
108.6	3.41980
108.8	3.48384
109.0	3.46147
109.2	3.49123
109.4	3.46496
109.6	3.41854
109.8	3.43933
110.0	3.40832
110.2	3.42825
110.4	3.40269
110.6	3.44242
110.8	3.39739
111.0	3.37410
111.2	3.38701
111.4	3.38448
111.6	3.38621
111.8	3.38617
112.0	3.39258
112.2	3.38616
112.4	3.37893
112.6	3.39001
112.8	3.36214
113.0	3.42020
113.2	3.36524
113.4	3.29593
113.6	3.33759
113.8	3.37022
114.0	3.32588
114.2	3.35154
114.4	3.33917
114.6	3.32238
114.8	3.32931
115.0	3.32880
115.2	3.31437
115.4	3.31504
115.6	3.32053
115.8	3.31700
116.0	3.31250
116.2	3.31515
116.4	3.30517
116.6	3.27517
116.8	3.28840
117.0	3.29116
117.2	3.28419
117.4	3.25709
117.6	3.27343
117.8	3.26997
118.0	3.27234
118.2	3.26898
118.4	3.30189
118.6	3.28730
118.8	3.25886
119.0	3.24297
119.2	3.21854
119.4	3.22704
119.6	3.20041
119.8	3.24156
120.0	3.22891
120.2	3.23263
120.4	3.21239
120.6	3.21242
120.8	3.20279
121.0	3.21508
121.2	3.20337
121.4	3.19166
121.6	3.20858
121.8	3.17694
122.0	3.16365
122.2	3.13307
122.4	3.19223
122.6	3.19847
122.8	3.19664
123.0	3.16015
123.2	3.14797
123.4	3.15682
123.6	3.16939
123.8	3.12457
124.0	3.14408
124.2	3.18008
124.4	3.14280
124.6	3.15754
124.8	3.13596
125.0	3.14260
125.2	3.11842
125.4	3.14571
125.6	3.07064
125.8	3.15110
126.0	3.09405
126.2	3.11124
126.4	3.11631
126.6	3.11095
126.8	3.11258
127.0	3.12999
127.2	3.07982
127.4	3.09637
127.6	3.06576
127.8	3.12071
128.0	3.03994
128.2	3.08211
128.4	3.07728
128.6	3.08254
128.8	3.03835
129.0	3.07544
129.2	3.06408
129.4	3.04512
129.6	3.06596
129.8	3.05658
130.0	3.04418
130.2	3.06556
130.4	3.03214
130.6	3.03444
130.8	3.02020
131.0	3.05942
131.2	3.00268
131.4	2.98440
131.6	3.04404
131.8	3.00060
132.0	3.00973
132.2	3.04990
132.4	3.02518
132.6	3.00910
132.8	3.00059
133.0	3.03745
133.2	2.99452
133.4	2.99642
133.6	3.00213
133.8	2.99041
134.0	2.97506
134.2	2.98305
134.4	2.97475
134.6	2.94399
134.8	2.99622
135.0	2.94752
135.2	2.95817
135.4	2.99700
135.6	2.96968
135.8	2.97229
136.0	2.99652
136.2	2.95804
136.4	2.94816
136.6	2.98984
136.8	2.96006
137.0	2.92726
137.2	2.93188
137.4	2.95381
137.6	2.94843
137.8	2.93306
138.0	2.92849
138.2	2.92541
138.4	2.90724
138.6	2.91701
138.8	2.96111
139.0	2.96347
139.2	2.91302
139.4	2.92172
139.6	2.87039
139.8	2.91732
140.0	2.88251
140.2	2.90203
140.4	2.90428
140.6	2.88521
140.8	2.88658
141.0	2.90182
141.2	2.93457
141.4	2.89472
141.6	2.89141
141.8	2.89693
142.0	2.86391
142.2	2.90122
142.4	2.83167
142.6	2.88057
142.8	2.88513
143.0	2.88239
143.2	2.87726
143.4	2.86443
143.6	2.86531
143.8	2.83436
144.0	2.87762
144.2	2.89408
144.4	2.86882
144.6	2.86184
144.8	2.86084
145.0	2.85250
145.2	2.84209
145.4	2.86141
145.6	2.86705
145.8	2.84056
146.0	2.82604
146.2	2.84279
146.4	2.82107
146.6	2.83105
146.8	2.83679
147.0	2.82314
147.2	2.83325
147.4	2.83494
147.6	2.85795
147.8	2.78221
148.0	2.82548
148.2	2.81549
148.4	2.80718
148.6	2.84202
148.8	2.79644
149.0	2.86237
149.2	2.80072
149.4	2.75780
149.6	2.75461
149.8	2.80882
150.0	2.79991
150.2	2.77005
150.4	2.77499
150.6	2.78696
150.8	2.82010
151.0	2.77621
151.2	2.80689
151.4	2.74806
151.6	2.75733
151.8	2.80024
152.0	2.75949
152.2	2.80057
152.4	2.75635
152.6	2.78360
152.8	2.72468
153.0	2.76152
153.2	2.77582
153.4	2.73958
153.6	2.76114
153.8	2.76247
154.0	2.77970
154.2	2.73090
154.4	2.76228
154.6	2.72535
154.8	2.75703
155.0	2.73788
155.2	2.75670
155.4	2.73918
155.6	2.74656
155.8	2.69187
156.0	2.74984
156.2	2.74056
156.4	2.72715
156.6	2.73395
156.8	2.72146
157.0	2.73462
157.2	2.71233
157.4	2.71626
157.6	2.71768
157.8	2.71922
158.0	2.71757
158.2	2.71500
158.4	2.71826
158.6	2.70350
158.8	2.69885
159.0	2.69932
159.2	2.69735
159.4	2.68744
159.6	2.67813
159.8	2.68513
160.0	2.70449
160.2	2.70841
160.4	2.70936
160.6	2.69915
160.8	2.67158
161.0	2.69382
161.2	2.67232
161.4	2.71496
161.6	2.67441
161.8	2.69757
162.0	2.68528
162.2	2.68637
162.4	2.67899
162.6	2.68622
162.8	2.68457
163.0	2.67150
163.2	2.68879
163.4	2.68766
163.6	2.66946
163.8	2.62834
164.0	2.68800
164.2	2.68468
164.4	2.62582
164.6	2.66244
164.8	2.67327
165.0	2.65338
165.2	2.66537
165.4	2.66644
165.6	2.67271
165.8	2.64805
166.0	2.67833
166.2	2.65522
166.4	2.65555
166.6	2.65051
166.8	2.63885
167.0	2.63055
167.2	2.68559
167.4	2.62641
167.6	2.64602
167.8	2.63951
168.0	2.62568
168.2	2.62197
168.4	2.61240
168.6	2.64294
168.8	2.65210
169.0	2.63329
169.2	2.61132
169.4	2.62104
169.6	2.60432
169.8	2.60497
170.0	2.62470
170.2	2.60346
170.4	2.65674
170.6	2.62399
170.8	2.60692
171.0	2.63308
171.2	2.59973
171.4	2.61845
171.6	2.62808
171.8	2.64082
172.0	2.59815
172.2	2.59980
172.4	2.59624
172.6	2.58848
172.8	2.59616
173.0	2.61282
173.2	2.59929
173.4	2.62140
173.6	2.58383
173.8	2.57899
174.0	2.58874
174.2	2.57031
174.4	2.57663
174.6	2.61270
174.8	2.56493
175.0	2.57719
175.2	2.56408
175.4	2.58027
175.6	2.57003
175.8	2.57911
176.0	2.53266
176.2	2.56307
176.4	2.58094
176.6	2.61228
176.8	2.59207
177.0	2.55366
177.2	2.58204
177.4	2.60121
177.6	2.55566
177.8	2.58686
178.0	2.59009
178.2	2.56264
178.4	2.53236
178.6	2.55903
178.8	2.56543
179.0	2.55563
179.2	2.53706
179.4	2.53981
179.6	2.59566
179.8	2.55201
180.0	2.56026
180.2	2.56009
180.4	2.53159
180.6	2.56612
180.8	2.57795
181.0	2.55871
181.2	2.52651
181.4	2.56064
181.6	2.55505
181.8	2.53745
182.0	2.51176
182.2	2.56321
182.4	2.53096
182.6	2.52853
182.8	2.56032
183.0	2.56090
183.2	2.55207
183.4	2.57676
183.6	2.51933
183.8	2.51146
184.0	2.52315
184.2	2.53107
184.4	2.53294
184.6	2.55027
184.8	2.51976
185.0	2.55773
185.2	2.53953
185.4	2.53097
185.6	2.49263
185.8	2.50445
186.0	2.52409
186.2	2.54681
186.4	2.52555
186.6	2.53806
186.8	2.53502
187.0	2.51665
187.2	2.49602
187.4	2.51672
187.6	2.52313
187.8	2.52796
188.0	2.52348
188.2	2.49937
188.4	2.52683
188.6	2.51515
188.8	2.49508
189.0	2.53040
189.2	2.52773
189.4	2.48607
189.6	2.52744
189.8	2.47935
190.0	2.53227
190.2	2.51941
190.4	2.50839
190.6	2.49687
190.8	2.50871
191.0	2.51373
191.2	2.48968
191.4	2.50021
191.6	2.49896
191.8	2.47978
192.0	2.47729
192.2	2.50023
192.4	2.50969
192.6	2.52605
192.8	2.48694
193.0	2.48722
193.2	2.49990
193.4	2.50279
193.6	2.47431
193.8	2.52272
194.0	2.47082
194.2	2.80007
194.4	2.09240
194.6	-1.58650
194.8	2.62397
195.0	2.29894
195.2	2.47768
195.4	2.50621
195.6	2.73439
195.8	2.22542
196.0	2.46031
196.2	2.47701
196.4	2.75136
196.6	2.11234
196.8	2.42111
197.0	2.62928
197.2	2.11704
197.4	2.59278
197.6	2.09741
197.8	-1.54993
198.0	3.48251
198.2	2.24432
198.4	2.38852
198.6	2.46895
198.8	2.28301
199.0	2.35672
199.2	2.33507
199.4	2.32898
199.6	2.35409
199.8	2.35557
200.0	2.35019
200.2	2.30982
200.4	2.32204
200.6	2.33786
200.8	2.32215
201.0	2.33109
201.2	2.32654
201.4	2.35849
201.6	2.36192
201.8	2.31666
202.0	2.30070
202.2	2.34513
202.4	2.33564
202.6	2.32777
202.8	2.32721
203.0	2.32087
203.2	2.32906
203.4	2.32376
203.6	2.36538
203.8	2.32868
204.0	2.33180
204.2	2.33097
204.4	2.28721
204.6	2.36728
204.8	2.32243
205.0	2.35207
205.2	2.33768
205.4	2.33442
205.6	2.32630
205.8	2.33597
206.0	2.32344
206.2	2.34909
206.4	2.32681
206.6	2.33360
206.8	2.34681
207.0	2.33693
207.2	2.32398
207.4	2.34984
207.6	2.31897
207.8	2.33810
208.0	2.40175
208.2	2.31252
208.4	2.32310
208.6	2.33546
208.8	2.32460
209.0	2.32206
209.2	2.34144
209.4	2.34284
209.6	2.30526
209.8	2.32252
210.0	2.34471
210.2	2.34315
210.4	2.30977
210.6	2.32888
210.8	2.30098
211.0	2.29867
211.2	2.34065
211.4	2.30822
211.6	2.37389
211.8	2.34025
212.0	2.32436
212.2	2.36271
212.4	2.28546
212.6	2.36971
212.8	2.33148
213.0	2.35995
213.2	2.31245

