ｻﾝﾌﾟﾙ:	'1
ﾌｧｲﾙ名:	5.UDT
分析日時:	'16:40:33, 07/21/2022
ｵﾍﾟﾚｰﾀ:	北海道大学理学研究院
ｺﾒﾝﾄ:	'

光度計
ﾓﾃﾞﾙ:	U-3010形分光光度計
ｼﾘｱﾙ No.:	'1479-001
ROM Ver.:	2520 10

装置条件
測定ﾓｰﾄﾞ:	時間変化測定
ﾃﾞｰﾀﾓｰﾄﾞ:	Abs
測定時間:	300 s
測定波長:	550.00 nm
ｻﾝﾌﾟﾘﾝｸﾞ間隔:	0.2 s
初期待ち時間:	1 s
測定前ｵｰﾄｾﾞﾛ:	Off
ｽﾘｯﾄ:	2 nm
ﾎﾄﾏﾙ電圧:	自動制御
光源切換ﾓｰﾄﾞ:	自動切換
光源切換波長:	340.00 nm
ﾍﾞｰｽﾗｲﾝ設定:	ﾕｰｻﾞ 1
高分解能測定:	On
D2ﾗﾝﾌﾟ:	On
WIﾗﾝﾌﾟ:	On
ｾﾙ長補正:	On
ｾﾙ長:	10.0 mm

ﾃﾞｰﾀ処理項目
ｽﾍﾟｸﾄﾙ演算
ｽﾍﾟｸﾄﾙ1:	100.0000 * 1(DaTa17)

ﾚｰﾄ計算結果
開始 (s)	終了 (s)	Kﾌｧｸﾀ	傾き	活性度	R	R2
0.0	60.0	1.000000	-0.979598	-0.979598	0.655265	0.429372

ﾋﾟｰｸ検出
検出方法:	Rectangular
感度:	1
しきい値:	0.0100

ﾋﾟｰｸ
ﾋﾟｰｸ No.	開始 (s)	ﾋﾟｰｸ (s)	終了 (s)	高さ (Abs)	ﾊﾞﾚｰ (s)	ﾊﾞﾚｰ (Abs)
1	0.0	12.2	12.6	13.52084	12.6	13.49043
2	12.6	13.6	16.0	13.51631	16.0	13.47657
3	16.0	18.0	19.4	13.51095	19.4	13.47591
4	19.4	20.8	23.6	13.52484	23.6	13.43789
5	23.6	25.0	26.2	13.54495	26.2	13.46739
6	26.2	27.0	28.6	13.51673	28.6	13.46137
7	28.6	29.4	35.2	13.52027	35.2	13.43398
8	35.2	36.8	40.0	13.52998	40.0	13.45642
9	40.0	42.6	49.0	13.51192	49.0	11.93011
10	49.0	49.2	197.4	13.76940	197.4	5.10509
11	197.4	198.2	213.2	5.18270	213.2	-2.28353
12	213.2	213.4	220.6	6.21012	220.6	3.85718
13	220.6	221.8	222.0	3.91453	222.0	3.86060
14	222.0	223.0	225.0	3.94318	225.0	3.84992

ﾃﾞｰﾀﾘｽﾄ
s	Abs
0.0	13.49790
0.2	13.49790
0.4	13.47939
0.6	13.52194
0.8	13.49119
1.0	13.52380
1.2	13.54900
1.4	13.51154
1.6	13.50633
1.8	13.50986
2.0	13.51939
2.2	13.50962
2.4	13.48271
2.6	13.52402
2.8	13.50417
3.0	13.47534
3.2	13.46324
3.4	13.50825
3.6	13.54333
3.8	13.48661
4.0	13.48974
4.2	13.51303
4.4	13.57831
4.6	13.53556
4.8	13.51198
5.0	13.52010
5.2	13.49818
5.4	13.50446
5.6	13.49388
5.8	13.50766
6.0	13.49177
6.2	13.49413
6.4	13.49981
6.6	13.51805
6.8	13.49210
7.0	13.48775
7.2	13.48426
7.4	13.51053
7.6	13.50359
7.8	13.51387
8.0	13.52794
8.2	13.48619
8.4	13.51563
8.6	13.49880
8.8	13.53990
9.0	13.46372
9.2	13.50614
9.4	13.49750
9.6	13.50170
9.8	13.50069
10.0	13.51068
10.2	13.50925
10.4	13.49958
10.6	13.49660
10.8	13.49011
11.0	13.50172
11.2	13.51898
11.4	13.51200
11.6	13.51574
11.8	13.48742
12.0	13.49421
12.2	13.52084
12.4	13.51255
12.6	13.49043
12.8	13.51522
13.0	13.49635
13.2	13.50826
13.4	13.50471
13.6	13.51631
13.8	13.50732
14.0	13.47606
14.2	13.48554
14.4	13.50301
14.6	13.52329
14.8	13.49115
15.0	13.47938
15.2	13.50867
15.4	13.49180
15.6	13.48019
15.8	13.54010
16.0	13.47657
16.2	13.49442
16.4	13.49027
16.6	13.50070
16.8	13.48751
17.0	13.49546
17.2	13.50767
17.4	13.49702
17.6	13.49093
17.8	13.48308
18.0	13.51095
18.2	13.50271
18.4	13.50985
18.6	13.50707
18.8	13.49119
19.0	13.47684
19.2	13.49402
19.4	13.47591
19.6	13.48999
19.8	13.50426
20.0	13.50448
20.2	13.49434
20.4	13.49416
20.6	13.46288
20.8	13.52484
21.0	13.48067
21.2	13.48118
21.4	13.49347
21.6	13.51408
21.8	13.47326
22.0	13.48368
22.2	13.48655
22.4	13.46953
22.6	13.47755
22.8	13.52169
23.0	13.49403
23.2	13.46928
23.4	13.52087
23.6	13.43789
23.8	13.51813
24.0	13.44917
24.2	13.49418
24.4	13.48136
24.6	13.46153
24.8	13.47842
25.0	13.54495
25.2	13.51541
25.4	13.49736
25.6	13.47790
25.8	13.48691
26.0	13.49081
26.2	13.46739
26.4	13.49386
26.6	13.48154
26.8	13.50681
27.0	13.51673
27.2	13.50624
27.4	13.49067
27.6	13.49080
27.8	13.49643
28.0	13.49520
28.2	13.51312
28.4	13.48439
28.6	13.46137
28.8	13.48756
29.0	13.47049
29.2	13.49385
29.4	13.52027
29.6	13.50692
29.8	13.50450
30.0	13.45720
30.2	13.48595
30.4	13.50628
30.6	13.47143
30.8	13.49583
31.0	13.48221
31.2	13.51452
31.4	13.51687
31.6	13.49963
31.8	13.50235
32.0	13.45957
32.2	13.48509
32.4	13.45837
32.6	13.49884
32.8	13.44832
33.0	13.49580
33.2	13.45561
33.4	13.53063
33.6	13.48870
33.8	13.46607
34.0	13.50347
34.2	13.48699
34.4	13.48328
34.6	13.48678
34.8	13.46264
35.0	13.48863
35.2	13.43398
35.4	13.48643
35.6	13.46021
35.8	13.47867
36.0	13.50129
36.2	13.51518
36.4	13.47496
36.6	13.47542
36.8	13.52998
37.0	13.51433
37.2	13.49869
37.4	13.47807
37.6	13.46458
37.8	13.50292
38.0	13.46887
38.2	13.48512
38.4	13.49462
38.6	13.47908
38.8	13.48615
39.0	13.45502
39.2	13.48572
39.4	13.46940
39.6	13.48804
39.8	13.50610
40.0	13.45642
40.2	13.46590
40.4	13.48947
40.6	13.46178
40.8	13.50030
41.0	13.47133
41.2	13.46673
41.4	13.47782
41.6	13.49514
41.8	13.50775
42.0	13.46442
42.2	13.50107
42.4	13.49197
42.6	13.51192
42.8	13.47135
43.0	13.47313
43.2	13.46323
43.4	13.48771
43.6	13.50128
43.8	13.48506
44.0	13.46197
44.2	13.50069
44.4	13.46196
44.6	13.48341
44.8	12.62112
45.0	10.88536
45.2	13.95696
45.4	13.61133
45.6	13.46095
45.8	13.41074
46.0	13.35100
46.2	13.34140
46.4	13.34601
46.6	13.52652
46.8	13.48926
47.0	13.35519
47.2	13.31353
47.4	13.28413
47.6	13.15207
47.8	13.31176
48.0	13.30192
48.2	13.11364
48.4	13.11980
48.6	12.75534
48.8	13.05493
49.0	11.93011
49.2	13.76940
49.4	13.64677
49.6	13.20025
49.8	13.10734
50.0	13.08371
50.2	13.03200
50.4	13.04441
50.6	12.97258
50.8	12.97448
51.0	13.01084
51.2	12.96073
51.4	12.92708
51.6	12.91707
51.8	12.87647
52.0	12.85520
52.2	12.84028
52.4	12.76049
52.6	12.75737
52.8	12.76995
53.0	12.69708
53.2	12.72212
53.4	12.69172
53.6	12.63510
53.8	12.63460
54.0	12.62982
54.2	12.58573
54.4	12.55083
54.6	12.53104
54.8	12.54996
55.0	12.48858
55.2	12.48429
55.4	12.41967
55.6	12.43780
55.8	12.40047
56.0	12.38448
56.2	12.36384
56.4	12.34242
56.6	12.29736
56.8	12.28886
57.0	12.26009
57.2	12.22415
57.4	12.25397
57.6	12.18124
57.8	12.18349
58.0	12.17044
58.2	12.10139
58.4	12.12349
58.6	12.08660
58.8	12.07260
59.0	12.02571
59.2	12.01648
59.4	12.00807
59.6	12.02993
59.8	11.98654
60.0	11.96436
60.2	11.90747
60.4	11.92277
60.6	11.89197
60.8	11.87648
61.0	11.78998
61.2	11.79728
61.4	11.77026
61.6	11.76776
61.8	11.73762
62.0	11.73249
62.2	11.75126
62.4	11.69602
62.6	11.68388
62.8	11.66818
63.0	11.66584
63.2	11.68581
63.4	11.57414
63.6	11.56382
63.8	11.59757
64.0	11.55522
64.2	11.52421
64.4	11.51013
64.6	11.46062
64.8	11.43086
65.0	11.44033
65.2	11.42915
65.4	11.42506
65.6	11.37119
65.8	11.34693
66.0	11.36070
66.2	11.35925
66.4	11.32811
66.6	11.24761
66.8	11.24293
67.0	11.20040
67.2	11.18157
67.4	11.21638
67.6	11.13494
67.8	11.18255
68.0	11.13932
68.2	11.11004
68.4	11.11165
68.6	11.05126
68.8	11.06021
69.0	11.05284
69.2	11.06150
69.4	11.03605
69.6	10.96143
69.8	10.94949
70.0	10.98626
70.2	10.96783
70.4	10.91346
70.6	10.88762
70.8	10.87142
71.0	10.93886
71.2	10.89013
71.4	10.79921
71.6	10.83901
71.8	10.78180
72.0	10.77788
72.2	10.74806
72.4	10.74674
72.6	10.73274
72.8	10.64444
73.0	10.69464
73.2	10.65824
73.4	10.67906
73.6	10.64730
73.8	10.61432
74.0	10.62194
74.2	10.58930
74.4	10.56291
74.6	10.56721
74.8	10.51567
75.0	10.50611
75.2	10.49807
75.4	10.45811
75.6	10.47269
75.8	10.47002
76.0	10.45386
76.2	10.41953
76.4	10.38030
76.6	10.39502
76.8	10.36044
77.0	10.35070
77.2	10.33798
77.4	10.31425
77.6	10.26149
77.8	10.31133
78.0	10.23980
78.2	10.25104
78.4	10.23578
78.6	10.23258
78.8	10.21880
79.0	10.18260
79.2	10.17860
79.4	10.14320
79.6	10.14074
79.8	10.12606
80.0	10.09991
80.2	10.08501
80.4	10.09621
80.6	10.07613
80.8	10.05000
81.0	9.99997
81.2	10.00365
81.4	10.01071
81.6	9.97484
81.8	9.98252
82.0	9.92850
82.2	9.94915
82.4	9.87793
82.6	9.91969
82.8	9.90304
83.0	9.87155
83.2	9.85961
83.4	9.81117
83.6	9.81391
83.8	9.79090
84.0	9.79725
84.2	9.78126
84.4	9.77521
84.6	9.76124
84.8	9.71940
85.0	9.69716
85.2	9.67461
85.4	9.68973
85.6	9.69324
85.8	9.62315
86.0	9.62277
86.2	9.65179
86.4	9.61202
86.6	9.61449
86.8	9.58081
87.0	9.57125
87.2	9.52868
87.4	9.54022
87.6	9.53501
87.8	9.52783
88.0	9.50234
88.2	9.49593
88.4	9.48041
88.6	9.47396
88.8	9.45268
89.0	9.43326
89.2	9.43090
89.4	9.36947
89.6	9.40004
89.8	9.36631
90.0	9.32683
90.2	9.34856
90.4	9.31405
90.6	9.27833
90.8	9.30784
91.0	9.30735
91.2	9.27445
91.4	9.25871
91.6	9.22609
91.8	9.19802
92.0	9.23553
92.2	9.17821
92.4	9.19908
92.6	9.17090
92.8	9.18034
93.0	9.10055
93.2	9.14793
93.4	9.11853
93.6	9.13549
93.8	9.09462
94.0	9.08526
94.2	9.06960
94.4	9.02960
94.6	9.00976
94.8	9.03928
95.0	9.01027
95.2	8.98949
95.4	8.98858
95.6	8.98897
95.8	8.97017
96.0	8.91662
96.2	8.92583
96.4	8.92724
96.6	8.88258
96.8	8.88216
97.0	8.83844
97.2	8.87466
97.4	8.84625
97.6	8.82580
97.8	8.81478
98.0	8.81384
98.2	8.78227
98.4	8.78843
98.6	8.77908
98.8	8.81793
99.0	8.74405
99.2	8.73632
99.4	8.72300
99.6	8.72367
99.8	8.71171
100.0	8.66217
100.2	8.64343
100.4	8.65547
100.6	8.66426
100.8	8.61507
101.0	8.62292
101.2	8.64253
101.4	8.60135
101.6	8.58160
101.8	8.59513
102.0	8.55033
102.2	8.57251
102.4	8.56034
102.6	8.53750
102.8	8.51839
103.0	8.47655
103.2	8.49234
103.4	8.47913
103.6	8.42228
103.8	8.43762
104.0	8.45132
104.2	8.41289
104.4	8.43456
104.6	8.40549
104.8	8.40953
105.0	8.39772
105.2	8.38813
105.4	8.37343
105.6	8.37140
105.8	8.33247
106.0	8.34961
106.2	8.31371
106.4	8.31207
106.6	8.29828
106.8	8.27475
107.0	8.27641
107.2	8.27101
107.4	8.23887
107.6	8.27741
107.8	8.21510
108.0	8.22443
108.2	8.19366
108.4	8.20649
108.6	8.19585
108.8	8.16396
109.0	8.11334
109.2	8.17739
109.4	8.12564
109.6	8.10099
109.8	8.08592
110.0	8.10862
110.2	8.10918
110.4	8.12503
110.6	8.10901
110.8	8.03763
111.0	8.05736
111.2	8.06000
111.4	8.04598
111.6	8.03037
111.8	8.02858
112.0	8.02040
112.2	8.00294
112.4	7.95382
112.6	7.92665
112.8	7.96722
113.0	7.92836
113.2	7.94076
113.4	7.91746
113.6	7.93726
113.8	7.88009
114.0	7.90331
114.2	7.86748
114.4	7.85483
114.6	7.87781
114.8	7.83847
115.0	7.82270
115.2	7.83200
115.4	7.81377
115.6	7.81718
115.8	7.80889
116.0	7.78293
116.2	7.77892
116.4	7.77050
116.6	7.75973
116.8	7.72347
117.0	7.72137
117.2	7.71772
117.4	7.70905
117.6	7.69896
117.8	7.67862
118.0	7.70083
118.2	7.68599
118.4	7.69125
118.6	7.62615
118.8	7.66490
119.0	7.62353
119.2	7.61637
119.4	7.62759
119.6	7.59936
119.8	7.62559
120.0	7.59494
120.2	7.58761
120.4	7.57137
120.6	7.55608
120.8	7.56310
121.0	7.52367
121.2	7.53831
121.4	7.52513
121.6	7.50997
121.8	7.47672
122.0	7.50560
122.2	7.50072
122.4	7.49111
122.6	7.46184
122.8	7.48312
123.0	7.41940
123.2	7.45202
123.4	7.38991
123.6	7.41688
123.8	7.39791
124.0	7.40038
124.2	7.43751
124.4	7.37411
124.6	7.34400
124.8	7.34468
125.0	7.33662
125.2	7.34889
125.4	7.33190
125.6	7.32339
125.8	7.29820
126.0	7.28153
126.2	7.35730
126.4	7.25700
126.6	7.28372
126.8	7.24396
127.0	7.24440
127.2	7.24445
127.4	7.26575
127.6	7.22564
127.8	7.23793
128.0	7.24388
128.2	7.24179
128.4	7.17275
128.6	7.18296
128.8	7.19442
129.0	7.15359
129.2	7.15438
129.4	7.15089
129.6	7.12252
129.8	7.10117
130.0	7.14471
130.2	7.11161
130.4	7.13309
130.6	7.09606
130.8	7.08099
131.0	7.05980
131.2	7.08328
131.4	7.08192
131.6	7.06134
131.8	7.07295
132.0	6.98620
132.2	7.02139
132.4	7.01830
132.6	7.00357
132.8	6.99249
133.0	6.98972
133.2	7.00606
133.4	7.00036
133.6	6.97088
133.8	6.96560
134.0	6.98684
134.2	6.98471
134.4	6.98399
134.6	6.91422
134.8	6.91804
135.0	6.93094
135.2	6.94740
135.4	6.91160
135.6	6.88896
135.8	6.89285
136.0	6.88272
136.2	6.86683
136.4	6.88156
136.6	6.86451
136.8	6.85573
137.0	6.81256
137.2	6.82339
137.4	6.83067
137.6	6.81622
137.8	6.80597
138.0	6.79758
138.2	6.79850
138.4	6.75675
138.6	6.78246
138.8	6.77404
139.0	6.76266
139.2	6.78722
139.4	6.72133
139.6	6.71691
139.8	6.75122
140.0	6.72524
140.2	6.66306
140.4	6.68802
140.6	6.72026
140.8	6.66106
141.0	6.68942
141.2	6.68975
141.4	6.62191
141.6	6.69490
141.8	6.64366
142.0	6.67784
142.2	6.63631
142.4	6.62949
142.6	6.61833
142.8	6.60771
143.0	6.63785
143.2	6.60354
143.4	6.59320
143.6	6.58331
143.8	6.59977
144.0	6.56939
144.2	6.57118
144.4	6.55260
144.6	6.58218
144.8	6.53068
145.0	6.53221
145.2	6.53868
145.4	6.53457
145.6	6.51234
145.8	6.51594
146.0	6.49553
146.2	6.52371
146.4	6.50079
146.6	6.50318
146.8	6.51257
147.0	6.48018
147.2	6.45240
147.4	6.47312
147.6	6.45616
147.8	6.45947
148.0	6.46595
148.2	6.43357
148.4	6.45135
148.6	6.41301
148.8	6.39876
149.0	6.39665
149.2	6.41585
149.4	6.37201
149.6	6.34585
149.8	6.38007
150.0	6.38064
150.2	6.36823
150.4	6.34170
150.6	6.32419
150.8	6.34523
151.0	6.32057
151.2	6.31742
151.4	6.30656
151.6	6.32852
151.8	6.31139
152.0	6.30398
152.2	6.27438
152.4	6.29183
152.6	6.30242
152.8	6.27757
153.0	6.25688
153.2	6.25954
153.4	6.22712
153.6	6.26901
153.8	6.24538
154.0	6.25034
154.2	6.24275
154.4	6.24401
154.6	6.20968
154.8	6.22927
155.0	6.17466
155.2	6.21545
155.4	6.21457
155.6	6.18718
155.8	6.17737
156.0	6.18363
156.2	6.18272
156.4	6.15978
156.6	6.13028
156.8	6.12464
157.0	6.13988
157.2	6.13960
157.4	6.07989
157.6	6.13373
157.8	6.12363
158.0	6.14002
158.2	6.12247
158.4	6.08500
158.6	6.10488
158.8	6.08475
159.0	6.08451
159.2	6.09668
159.4	6.07835
159.6	6.05780
159.8	6.06832
160.0	6.07345
160.2	6.07226
160.4	6.01469
160.6	6.05118
160.8	6.01817
161.0	6.01046
161.2	6.01145
161.4	6.01140
161.6	6.01505
161.8	5.97568
162.0	6.00303
162.2	6.01204
162.4	5.98342
162.6	5.98977
162.8	5.94355
163.0	5.97471
163.2	5.93927
163.4	5.94894
163.6	5.94626
163.8	5.94562
164.0	5.91407
164.2	5.89913
164.4	5.89219
164.6	5.91861
164.8	5.90340
165.0	5.93184
165.2	5.92223
165.4	5.89046
165.6	5.87946
165.8	5.90425
166.0	5.84614
166.2	5.87830
166.4	5.87681
166.6	5.83201
166.8	5.84109
167.0	5.84923
167.2	5.81205
167.4	5.81870
167.6	5.83258
167.8	5.84151
168.0	5.81110
168.2	5.86475
168.4	5.81785
168.6	5.80897
168.8	5.80085
169.0	5.81813
169.2	5.76288
169.4	5.77886
169.6	5.76480
169.8	5.76833
170.0	5.74518
170.2	5.76347
170.4	5.75422
170.6	5.75041
170.8	5.72338
171.0	5.75077
171.2	5.73930
171.4	5.74855
171.6	5.72699
171.8	5.68657
172.0	5.74024
172.2	5.67913
172.4	5.72801
172.6	5.71372
172.8	5.69352
173.0	5.71459
173.2	5.65986
173.4	5.66372
173.6	5.68852
173.8	5.69081
174.0	5.64707
174.2	5.68119
174.4	5.65844
174.6	5.66916
174.8	5.63080
175.0	5.66986
175.2	5.62805
175.4	5.64579
175.6	5.62852
175.8	5.63628
176.0	5.62943
176.2	5.61589
176.4	5.58215
176.6	5.60177
176.8	5.61270
177.0	5.59937
177.2	5.60029
177.4	5.59097
177.6	5.56836
177.8	5.57964
178.0	5.54595
178.2	5.56692
178.4	5.56254
178.6	5.57665
178.8	5.57298
179.0	5.56288
179.2	5.53658
179.4	5.50529
179.6	5.54548
179.8	5.53258
180.0	5.53883
180.2	5.52262
180.4	5.51159
180.6	5.47204
180.8	5.52662
181.0	5.48782
181.2	5.50453
181.4	5.52066
181.6	5.49280
181.8	5.49229
182.0	5.45589
182.2	5.48664
182.4	5.46209
182.6	5.44979
182.8	5.47251
183.0	5.48607
183.2	5.45115
183.4	5.43479
183.6	5.45637
183.8	5.43193
184.0	5.39155
184.2	5.42492
184.4	5.42208
184.6	5.41290
184.8	5.42859
185.0	5.42910
185.2	5.41661
185.4	5.40842
185.6	5.41351
185.8	5.39759
186.0	5.38998
186.2	5.39868
186.4	5.38429
186.6	5.39389
186.8	5.38383
187.0	5.36783
187.2	5.34485
187.4	5.37944
187.6	5.33737
187.8	5.38767
188.0	5.37311
188.2	5.34012
188.4	5.34405
188.6	5.33957
188.8	5.31955
189.0	5.34135
189.2	5.38587
189.4	5.34376
189.6	5.31288
189.8	5.33329
190.0	5.31657
190.2	5.30820
190.4	5.31109
190.6	5.32021
190.8	5.30713
191.0	5.29339
191.2	5.29879
191.4	5.24192
191.6	5.26443
191.8	5.26649
192.0	5.26881
192.2	5.28553
192.4	5.26932
192.6	5.21755
192.8	5.23337
193.0	5.25316
193.2	5.26037
193.4	5.24073
193.6	5.22596
193.8	5.24816
194.0	5.23237
194.2	5.22908
194.4	5.25116
194.6	5.21439
194.8	5.20725
195.0	5.22580
195.2	5.21441
195.4	5.20079
195.6	5.22056
195.8	5.18134
196.0	5.17419
196.2	5.17721
196.4	5.17124
196.6	5.16867
196.8	5.19686
197.0	5.18211
197.2	5.14301
197.4	5.10509
197.6	5.16541
197.8	5.14716
198.0	5.14299
198.2	5.18270
198.4	5.14661
198.6	5.14163
198.8	5.14766
199.0	5.13867
199.2	5.16552
199.4	5.13364
199.6	5.14782
199.8	5.11606
200.0	5.11326
200.2	5.14038
200.4	5.09409
200.6	5.11578
200.8	5.11424
201.0	5.07171
201.2	5.09969
201.4	5.13104
201.6	5.08174
201.8	5.08598
202.0	5.11583
202.2	5.10686
202.4	5.09961
202.6	5.07034
202.8	5.04763
203.0	5.08307
203.2	5.09647
203.4	5.06481
203.6	5.07036
203.8	5.05698
204.0	5.11891
204.2	5.05830
204.4	5.03239
204.6	5.02069
204.8	5.05464
205.0	5.03630
205.2	5.03770
205.4	5.00257
205.6	5.02818
205.8	5.03637
206.0	5.02572
206.2	5.02121
206.4	4.98295
206.6	5.00491
206.8	5.03168
207.0	4.97525
207.2	4.99959
207.4	4.98813
207.6	4.93765
207.8	4.98855
208.0	5.00589
208.2	4.98100
208.4	4.97919
208.6	4.96403
208.8	4.95113
209.0	4.98591
209.2	4.94463
209.4	4.93738
209.6	4.96376
209.8	4.93779
210.0	4.93395
210.2	4.94917
210.4	4.93403
210.6	4.97776
210.8	4.94153
211.0	4.93338
211.2	4.93529
211.4	4.92705
211.6	4.92345
211.8	4.92068
212.0	4.93066
212.2	4.92970
212.4	4.94445
212.6	4.91211
212.8	4.92788
213.0	4.23171
213.2	-2.28353
213.4	6.21012
213.6	5.03049
213.8	5.05809
214.0	5.04452
214.2	4.70025
214.4	4.84134
214.6	4.81670
214.8	4.31553
215.0	3.78133
215.2	4.00149
215.4	3.52757
215.6	3.98145
215.8	1.52280
216.0	4.79853
216.2	3.76043
216.4	4.14490
216.6	3.95460
216.8	3.85565
217.0	3.87466
217.2	3.87674
217.4	3.86409
217.6	3.88481
217.8	3.89170
218.0	3.93172
218.2	3.92550
218.4	3.85330
218.6	3.90826
218.8	3.84515
219.0	3.88389
219.2	3.88138
219.4	3.89919
219.6	3.90251
219.8	3.88841
220.0	3.87994
220.2	3.89153
220.4	3.88065
220.6	3.85718
220.8	3.90714
221.0	3.90843
221.2	3.88368
221.4	3.89354
221.6	3.89798
221.8	3.91453
222.0	3.86060
222.2	3.88601
222.4	3.86951
222.6	3.88381
222.8	3.92084
223.0	3.94318
223.2	3.86947
223.4	3.81981
223.6	3.89737
223.8	3.88058
224.0	3.88922
224.2	3.88648
224.4	3.89923
224.6	3.89111
224.8	3.88077
225.0	3.84992
225.2	3.88893
225.4	3.88253
225.6	3.85842
225.8	3.86653
226.0	3.86712
226.2	3.88613
226.4	3.91223
226.6	3.89027
226.8	3.91152
227.0	3.89102
227.2	3.88294
227.4	3.89425
227.6	3.90204
227.8	3.86024
228.0	3.89637

