ｻﾝﾌﾟﾙ:	'1
ﾌｧｲﾙ名:	7.5.UDT
分析日時:	'16:57:20, 07/21/2022
ｵﾍﾟﾚｰﾀ:	北海道大学理学研究院
ｺﾒﾝﾄ:	'

光度計
ﾓﾃﾞﾙ:	U-3010形分光光度計
ｼﾘｱﾙ No.:	'1479-001
ROM Ver.:	2520 10

装置条件
測定ﾓｰﾄﾞ:	時間変化測定
ﾃﾞｰﾀﾓｰﾄﾞ:	Abs
測定時間:	300 s
測定波長:	550.00 nm
ｻﾝﾌﾟﾘﾝｸﾞ間隔:	0.2 s
初期待ち時間:	1 s
測定前ｵｰﾄｾﾞﾛ:	Off
ｽﾘｯﾄ:	2 nm
ﾎﾄﾏﾙ電圧:	自動制御
光源切換ﾓｰﾄﾞ:	自動切換
光源切換波長:	340.00 nm
ﾍﾞｰｽﾗｲﾝ設定:	ﾕｰｻﾞ 1
高分解能測定:	On
D2ﾗﾝﾌﾟ:	On
WIﾗﾝﾌﾟ:	On
ｾﾙ長補正:	On
ｾﾙ長:	10.0 mm

ﾃﾞｰﾀ処理項目
ｽﾍﾟｸﾄﾙ演算
ｽﾍﾟｸﾄﾙ1:	100.0000 * 1(DaTa19)

ﾚｰﾄ計算結果
開始 (s)	終了 (s)	Kﾌｧｸﾀ	傾き	活性度	R	R2
0.0	60.0	1.000000	-2.41965	-2.41965	0.829938	0.688796

ﾋﾟｰｸ検出
検出方法:	Rectangular
感度:	1
しきい値:	0.0100

ﾋﾟｰｸ
ﾋﾟｰｸ No.	開始 (s)	ﾋﾟｰｸ (s)	終了 (s)	高さ (Abs)	ﾊﾞﾚｰ (s)	ﾊﾞﾚｰ (Abs)
1	0.0	7.2	8.4	20.09391	8.4	20.00934
2	8.4	11.8	13.2	20.04818	13.2	20.01656
3	13.2	14.2	15.8	20.06839	15.8	19.99477
4	15.8	16.0	17.6	20.05013	17.6	19.99912
5	17.6	19.8	20.0	20.04151	20.0	19.99452
6	20.0	21.0	22.8	20.05075	22.8	19.98735
7	22.8	25.8	27.6	20.03624	27.6	19.97020
8	27.6	28.2	29.8	20.05483	29.8	19.98839
9	29.8	30.0	31.2	20.04021	31.2	20.00123
10	31.2	32.8	33.6	20.04852	33.6	20.00147
11	33.6	36.2	39.0	20.21064	39.0	18.98942
12	39.0	39.6	216.6	20.30601	216.6	2.48755
13	216.6	216.8	217.6	6.16923	217.6	5.66046
14	217.6	219.6	226.0	5.72213	226.0	5.62807

ﾃﾞｰﾀﾘｽﾄ
s	Abs
0.0	20.04286
0.2	20.04286
0.4	20.02558
0.6	20.01471
0.8	20.03529
1.0	20.02307
1.2	20.04907
1.4	20.03984
1.6	20.02063
1.8	20.02610
2.0	20.04597
2.2	20.01617
2.4	20.07849
2.6	20.01525
2.8	20.01830
3.0	20.01060
3.2	20.04878
3.4	20.05074
3.6	20.05087
3.8	20.05873
4.0	20.03792
4.2	20.06093
4.4	20.02064
4.6	20.04467
4.8	20.03728
5.0	20.03510
5.2	20.04348
5.4	20.04786
5.6	20.05132
5.8	20.04862
6.0	20.03339
6.2	20.04404
6.4	20.07403
6.6	20.03312
6.8	20.01710
7.0	20.02769
7.2	20.09391
7.4	19.99169
7.6	20.03925
7.8	20.03735
8.0	20.03965
8.2	20.05758
8.4	20.00934
8.6	20.02926
8.8	20.03919
9.0	20.03542
9.2	20.02189
9.4	20.03425
9.6	20.03788
9.8	20.03531
10.0	20.04304
10.2	19.99764
10.4	20.04730
10.6	20.03903
10.8	20.00744
11.0	20.05654
11.2	20.01779
11.4	20.03270
11.6	20.00726
11.8	20.04818
12.0	20.04399
12.2	20.04545
12.4	20.01345
12.6	20.03473
12.8	20.03318
13.0	20.03443
13.2	20.01656
13.4	20.01882
13.6	20.01705
13.8	20.06257
14.0	19.98619
14.2	20.06839
14.4	20.04399
14.6	20.00692
14.8	20.04511
15.0	20.00883
15.2	20.02616
15.4	20.04850
15.6	20.01180
15.8	19.99477
16.0	20.05013
16.2	20.02585
16.4	20.02812
16.6	20.01151
16.8	20.03290
17.0	19.99228
17.2	20.02360
17.4	20.01591
17.6	19.99912
17.8	20.00311
18.0	20.02572
18.2	20.01695
18.4	20.00510
18.6	20.03760
18.8	20.04368
19.0	20.02401
19.2	20.00623
19.4	20.03474
19.6	20.03676
19.8	20.04151
20.0	19.99452
20.2	20.00998
20.4	20.04866
20.6	20.01699
20.8	20.02354
21.0	20.05075
21.2	19.99802
21.4	20.02764
21.6	20.01887
21.8	20.03343
22.0	20.00696
22.2	20.03939
22.4	20.02013
22.6	20.02393
22.8	19.98735
23.0	19.99104
23.2	20.00477
23.4	20.01356
23.6	19.99717
23.8	20.05063
24.0	19.98860
24.2	20.02514
24.4	20.01341
24.6	20.01454
24.8	20.01975
25.0	20.00859
25.2	20.02781
25.4	20.01900
25.6	20.01374
25.8	20.03624
26.0	19.99748
26.2	19.99920
26.4	20.03556
26.6	20.03023
26.8	20.01130
27.0	20.00373
27.2	19.98374
27.4	20.03568
27.6	19.97020
27.8	20.02945
28.0	20.00461
28.2	20.05483
28.4	20.03912
28.6	20.01595
28.8	20.02273
29.0	20.03846
29.2	20.00872
29.4	20.02201
29.6	20.02252
29.8	19.98839
30.0	20.04021
30.2	20.03970
30.4	20.03553
30.6	20.00817
30.8	20.01122
31.0	20.02715
31.2	20.00123
31.4	20.01512
31.6	20.00531
31.8	20.02551
32.0	20.01703
32.2	20.03290
32.4	20.03141
32.6	20.01160
32.8	20.04852
33.0	20.00472
33.2	20.01255
33.4	20.00693
33.6	20.00147
33.8	20.01568
34.0	20.03556
34.2	20.00416
34.4	20.01177
34.6	20.01235
34.8	20.01969
35.0	20.02281
35.2	20.04913
35.4	20.06081
35.6	19.36570
35.8	17.80006
36.0	20.24645
36.2	20.21064
36.4	19.82868
36.6	19.88440
36.8	20.08571
37.0	19.75296
37.2	19.92754
37.4	19.90095
37.6	19.98607
37.8	19.80360
38.0	19.61752
38.2	19.66152
38.4	19.41089
38.6	19.83940
38.8	19.26533
39.0	18.98942
39.2	19.11801
39.4	20.26061
39.6	20.30601
39.8	19.73367
40.0	19.60272
40.2	19.57182
40.4	19.56711
40.6	19.55144
40.8	19.50166
41.0	19.49607
41.2	19.41398
41.4	19.45290
41.6	19.46173
41.8	19.40983
42.0	19.38256
42.2	19.33561
42.4	19.32114
42.6	19.28797
42.8	19.31723
43.0	19.24829
43.2	19.24410
43.4	19.21714
43.6	19.16806
43.8	19.16411
44.0	19.09824
44.2	19.13709
44.4	19.08795
44.6	19.03402
44.8	19.03618
45.0	18.99866
45.2	18.98380
45.4	18.94207
45.6	18.91734
45.8	18.92380
46.0	18.93306
46.2	18.88924
46.4	18.85384
46.6	18.81311
46.8	18.79217
47.0	18.77874
47.2	18.74066
47.4	18.73094
47.6	18.69415
47.8	18.66100
48.0	18.63456
48.2	18.61112
48.4	18.58585
48.6	18.57024
48.8	18.52861
49.0	18.50989
49.2	18.51749
49.4	18.49518
49.6	18.44719
49.8	18.43858
50.0	18.44019
50.2	18.41206
50.4	18.38612
50.6	18.35287
50.8	18.33926
51.0	18.31770
51.2	18.28734
51.4	18.25032
51.6	18.24416
51.8	18.21007
52.0	18.16721
52.2	18.18822
52.4	18.15412
52.6	18.11073
52.8	18.08513
53.0	18.08248
53.2	18.07152
53.4	18.07295
53.6	18.09244
53.8	17.98177
54.0	17.97282
54.2	17.91976
54.4	17.91262
54.6	17.90025
54.8	17.91144
55.0	17.87558
55.2	17.85437
55.4	17.83836
55.6	17.77631
55.8	17.76573
56.0	17.74984
56.2	17.71878
56.4	17.69204
56.6	17.65743
56.8	17.65444
57.0	17.63511
57.2	17.63797
57.4	17.60495
57.6	17.59181
57.8	17.59427
58.0	17.54171
58.2	17.54219
58.4	17.48111
58.6	17.48975
58.8	17.43678
59.0	17.42228
59.2	17.43123
59.4	17.38389
59.6	17.40532
59.8	17.36784
60.0	17.33493
60.2	17.29929
60.4	17.31031
60.6	17.29065
60.8	17.24880
61.0	17.24795
61.2	17.17250
61.4	17.20319
61.6	17.14518
61.8	17.14250
62.0	17.13979
62.2	17.12344
62.4	17.09818
62.6	17.07713
62.8	17.04191
63.0	17.00941
63.2	17.01528
63.4	16.97133
63.6	16.97654
63.8	16.99826
64.0	16.91069
64.2	16.93149
64.4	16.87846
64.6	16.87156
64.8	16.89906
65.0	16.82906
65.2	16.82477
65.4	16.81630
65.6	16.71813
65.8	16.78947
66.0	16.74689
66.2	16.72106
66.4	16.72945
66.6	16.69487
66.8	16.65972
67.0	16.63932
67.2	16.60573
67.4	16.59383
67.6	16.60393
67.8	16.56406
68.0	16.53408
68.2	16.54012
68.4	16.55677
68.6	16.46232
68.8	16.48048
69.0	16.43565
69.2	16.46142
69.4	16.39465
69.6	16.37650
69.8	16.38027
70.0	16.33828
70.2	16.30666
70.4	16.32651
70.6	16.29438
70.8	16.32007
71.0	16.26606
71.2	16.25654
71.4	16.21260
71.6	16.19713
71.8	16.20836
72.0	16.15057
72.2	16.17720
72.4	16.15030
72.6	16.12176
72.8	16.12524
73.0	16.06970
73.2	16.03588
73.4	16.01522
73.6	16.02375
73.8	15.98083
74.0	15.96196
74.2	15.95719
74.4	15.94748
74.6	15.92831
74.8	15.90105
75.0	15.88444
75.2	15.86595
75.4	15.86645
75.6	15.84670
75.8	15.80400
76.0	15.82203
76.2	15.78197
76.4	15.79617
76.6	15.79641
76.8	15.73859
77.0	15.70482
77.2	15.70082
77.4	15.68809
77.6	15.66611
77.8	15.67675
78.0	15.65711
78.2	15.63079
78.4	15.60122
78.6	15.57666
78.8	15.56507
79.0	15.52449
79.2	15.54956
79.4	15.54963
79.6	15.47464
79.8	15.50117
80.0	15.49028
80.2	15.42835
80.4	15.41713
80.6	15.42712
80.8	15.40068
81.0	15.38255
81.2	15.38583
81.4	15.32198
81.6	15.31892
81.8	15.30423
82.0	15.29689
82.2	15.30672
82.4	15.23340
82.6	15.24623
82.8	15.24232
83.0	15.22236
83.2	15.22280
83.4	15.19765
83.6	15.15634
83.8	15.14430
84.0	15.11788
84.2	15.10454
84.4	15.08414
84.6	15.03229
84.8	15.08913
85.0	15.06713
85.2	15.03613
85.4	15.02332
85.6	15.00657
85.8	14.95974
86.0	14.95154
86.2	14.96558
86.4	14.93715
86.6	14.91400
86.8	14.90901
87.0	14.86262
87.2	14.85261
87.4	14.82495
87.6	14.80730
87.8	14.83521
88.0	14.80955
88.2	14.75479
88.4	14.75014
88.6	14.77083
88.8	14.74513
89.0	14.74249
89.2	14.70315
89.4	14.66598
89.6	14.68715
89.8	14.66468
90.0	14.67320
90.2	14.59405
90.4	14.59721
90.6	14.59345
90.8	14.55749
91.0	14.56100
91.2	14.57447
91.4	14.52894
91.6	14.49479
91.8	14.48625
92.0	14.50526
92.2	14.46744
92.4	14.45803
92.6	14.39729
92.8	14.45343
93.0	14.41214
93.2	14.37573
93.4	14.39427
93.6	14.34230
93.8	14.36102
94.0	14.35322
94.2	14.32569
94.4	14.30763
94.6	14.29400
94.8	14.30841
95.0	14.26476
95.2	14.23890
95.4	14.25306
95.6	14.22373
95.8	14.19752
96.0	14.20739
96.2	14.17256
96.4	14.14096
96.6	14.13316
96.8	14.12015
97.0	14.10473
97.2	14.08932
97.4	14.11338
97.6	14.06038
97.8	14.07138
98.0	14.05357
98.2	14.02786
98.4	14.02264
98.6	14.01772
98.8	13.98621
99.0	13.98802
99.2	13.94247
99.4	13.92629
99.6	13.94694
99.8	13.92179
100.0	13.89348
100.2	13.87672
100.4	13.88582
100.6	13.87554
100.8	13.81613
101.0	13.85406
101.2	13.81748
101.4	13.81265
101.6	13.76825
101.8	13.73533
102.0	13.75835
102.2	13.76862
102.4	13.70628
102.6	13.73014
102.8	13.72237
103.0	13.67793
103.2	13.66267
103.4	13.66341
103.6	13.61233
103.8	13.63796
104.0	13.63075
104.2	13.59963
104.4	13.58226
104.6	13.57532
104.8	13.60527
105.0	13.54060
105.2	13.52402
105.4	13.52896
105.6	13.52889
105.8	13.51600
106.0	13.46041
106.2	13.45884
106.4	13.46264
106.6	13.45224
106.8	13.40062
107.0	13.44112
107.2	13.39212
107.4	13.38418
107.6	13.37934
107.8	13.33250
108.0	13.35093
108.2	13.33239
108.4	13.33085
108.6	13.28791
108.8	13.30009
109.0	13.29254
109.2	13.27652
109.4	13.27451
109.6	13.22594
109.8	13.21535
110.0	13.19840
110.2	13.16958
110.4	13.18168
110.6	13.17345
110.8	13.15958
111.0	13.12548
111.2	13.12656
111.4	13.09545
111.6	13.10716
111.8	13.10151
112.0	13.07809
112.2	13.10251
112.4	13.04813
112.6	13.03826
112.8	13.03883
113.0	13.04057
113.2	13.02377
113.4	12.96846
113.6	12.95872
113.8	13.00209
114.0	12.94556
114.2	12.95052
114.4	12.93062
114.6	12.91061
114.8	12.90011
115.0	12.88003
115.2	12.87623
115.4	12.84704
115.6	12.88446
115.8	12.81978
116.0	12.81450
116.2	12.79323
116.4	12.78471
116.6	12.78134
116.8	12.78812
117.0	12.75656
117.2	12.74148
117.4	12.76038
117.6	12.72995
117.8	12.71323
118.0	12.71720
118.2	12.66897
118.4	12.69234
118.6	12.65910
118.8	12.65052
119.0	12.63379
119.2	12.61225
119.4	12.61111
119.6	12.59392
119.8	12.55276
120.0	12.57831
120.2	12.55527
120.4	12.56849
120.6	12.54478
120.8	12.54610
121.0	12.51420
121.2	12.50783
121.4	12.46505
121.6	12.49047
121.8	12.46579
122.0	12.43981
122.2	12.47149
122.4	12.41920
122.6	12.40465
122.8	12.42952
123.0	12.41077
123.2	12.38980
123.4	12.41027
123.6	12.31183
123.8	12.35944
124.0	12.31840
124.2	12.34472
124.4	12.28927
124.6	12.31409
124.8	12.26625
125.0	12.28214
125.2	12.24170
125.4	12.24687
125.6	12.22590
125.8	12.26603
126.0	12.22215
126.2	12.20736
126.4	12.23307
126.6	12.16986
126.8	12.18044
127.0	12.17381
127.2	12.16263
127.4	12.15354
127.6	12.12244
127.8	12.10737
128.0	12.11308
128.2	12.11313
128.4	12.06870
128.6	12.05976
128.8	12.09054
129.0	12.06220
129.2	12.03506
129.4	12.03785
129.6	12.00443
129.8	12.03644
130.0	11.99266
130.2	11.98765
130.4	11.97828
130.6	11.95128
130.8	11.97035
131.0	11.94472
131.2	11.93075
131.4	11.93236
131.6	11.90486
131.8	11.90663
132.0	11.86042
132.2	11.88681
132.4	11.86483
132.6	11.84543
132.8	11.81115
133.0	11.80715
133.2	11.83304
133.4	11.81968
133.6	11.79384
133.8	11.82543
134.0	11.75479
134.2	11.76628
134.4	11.76492
134.6	11.73986
134.8	11.71257
135.0	11.71435
135.2	11.67309
135.4	11.68563
135.6	11.68723
135.8	11.67886
136.0	11.65599
136.2	11.63702
136.4	11.64117
136.6	11.65529
136.8	11.62907
137.0	11.59180
137.2	11.61695
137.4	11.63600
137.6	11.58616
137.8	11.55370
138.0	11.57711
138.2	11.56780
138.4	11.55407
138.6	11.55062
138.8	11.52102
139.0	11.54123
139.2	11.51057
139.4	11.49465
139.6	11.45778
139.8	11.45814
140.0	11.45820
140.2	11.45337
140.4	11.44645
140.6	11.43232
140.8	11.39173
141.0	11.41983
141.2	11.43370
141.4	11.37852
141.6	11.35353
141.8	11.34188
142.0	11.37769
142.2	11.34123
142.4	11.34437
142.6	11.34921
142.8	11.30888
143.0	11.34309
143.2	11.28030
143.4	11.28388
143.6	11.32090
143.8	11.27992
144.0	11.27194
144.2	11.24713
144.4	11.20787
144.6	11.21704
144.8	11.19706
145.0	11.20312
145.2	11.21257
145.4	11.20225
145.6	11.17935
145.8	11.15154
146.0	11.14507
146.2	11.14389
146.4	11.16860
146.6	11.12955
146.8	11.13874
147.0	11.09615
147.2	11.09508
147.4	11.10616
147.6	11.04645
147.8	11.07936
148.0	11.05272
148.2	11.05799
148.4	10.99668
148.6	11.00636
148.8	11.01334
149.0	11.03872
149.2	11.02694
149.4	10.99657
149.6	10.98972
149.8	10.96880
150.0	10.96312
150.2	10.95668
150.4	10.92914
150.6	10.94957
150.8	10.90466
151.0	10.92111
151.2	10.86483
151.4	10.88490
151.6	10.87919
151.8	10.86848
152.0	10.87217
152.2	10.82832
152.4	10.84009
152.6	10.85881
152.8	10.85636
153.0	10.81108
153.2	10.82864
153.4	10.78480
153.6	10.81250
153.8	10.75818
154.0	10.69642
154.2	10.77352
154.4	10.77963
154.6	10.74765
154.8	10.76174
155.0	10.72895
155.2	10.73647
155.4	10.73115
155.6	10.70287
155.8	10.72900
156.0	10.66458
156.2	10.69314
156.4	10.66024
156.6	10.65796
156.8	10.63246
157.0	10.60006
157.2	10.64841
157.4	10.63445
157.6	10.61346
157.8	10.57896
158.0	10.62241
158.2	10.59123
158.4	10.57944
158.6	10.58083
158.8	10.57373
159.0	10.54049
159.2	10.56925
159.4	10.56075
159.6	10.54974
159.8	10.52123
160.0	10.51838
160.2	10.53022
160.4	10.50173
160.6	10.49745
160.8	10.45897
161.0	10.46162
161.2	10.47118
161.4	10.44769
161.6	10.43717
161.8	10.43484
162.0	10.44234
162.2	10.41443
162.4	10.40015
162.6	10.37326
162.8	10.38494
163.0	10.37058
163.2	10.38547
163.4	10.36317
163.6	10.31884
163.8	10.32408
164.0	10.36560
164.2	10.31569
164.4	10.32437
164.6	10.32896
164.8	10.29477
165.0	10.30544
165.2	10.28696
165.4	10.27505
165.6	10.27293
165.8	10.29593
166.0	10.24605
166.2	10.23746
166.4	10.21348
166.6	10.21981
166.8	10.21763
167.0	10.21793
167.2	10.18528
167.4	10.16481
167.6	10.17317
167.8	10.19265
168.0	10.16325
168.2	10.17712
168.4	10.17871
168.6	10.18262
168.8	10.16087
169.0	10.13647
169.2	10.15618
169.4	10.09634
169.6	10.11422
169.8	10.11733
170.0	10.07576
170.2	10.07236
170.4	10.09175
170.6	10.07182
170.8	10.05627
171.0	10.09659
171.2	10.05025
171.4	10.04356
171.6	10.03899
171.8	10.02802
172.0	10.01011
172.2	9.99864
172.4	10.00185
172.6	9.99666
172.8	9.95167
173.0	9.94115
173.2	9.97892
173.4	9.94810
173.6	9.97514
173.8	9.96852
174.0	9.91385
174.2	9.89662
174.4	9.92785
174.6	9.91430
174.8	9.88478
175.0	9.87897
175.2	9.86315
175.4	9.87922
175.6	9.89639
175.8	9.86427
176.0	9.81998
176.2	9.83590
176.4	9.81929
176.6	9.84302
176.8	9.84476
177.0	9.83432
177.2	9.80247
177.4	9.79794
177.6	9.80204
177.8	9.80242
178.0	9.76488
178.2	9.76954
178.4	9.78675
178.6	9.72770
178.8	9.75443
179.0	9.74551
179.2	9.73284
179.4	9.73238
179.6	9.70431
179.8	9.72422
180.0	9.69264
180.2	9.70941
180.4	9.70806
180.6	9.70522
180.8	9.67114
181.0	9.65891
181.2	9.69467
181.4	9.63621
181.6	9.64961
181.8	9.66363
182.0	9.65546
182.2	9.63624
182.4	9.61403
182.6	9.58716
182.8	9.62309
183.0	9.61563
183.2	9.62547
183.4	9.61600
183.6	9.54860
183.8	9.58395
184.0	9.56830
184.2	9.57249
184.4	9.50213
184.6	9.56739
184.8	9.54907
185.0	9.52680
185.2	9.55717
185.4	9.52432
185.6	9.49989
185.8	9.50493
186.0	9.50131
186.2	9.47047
186.4	9.47183
186.6	9.44003
186.8	9.43708
187.0	9.42906
187.2	9.46039
187.4	9.45626
187.6	9.42726
187.8	9.41844
188.0	9.40569
188.2	9.42785
188.4	9.42963
188.6	9.40014
188.8	9.38366
189.0	9.38478
189.2	9.40677
189.4	9.40490
189.6	9.37212
189.8	9.37940
190.0	9.36979
190.2	9.33072
190.4	9.33517
190.6	9.32504
190.8	9.33881
191.0	9.30267
191.2	9.32244
191.4	9.32403
191.6	9.30221
191.8	9.27499
192.0	9.30679
192.2	9.29475
192.4	9.31943
192.6	9.21475
192.8	9.26162
193.0	9.26741
193.2	9.26370
193.4	9.22384
193.6	9.21582
193.8	9.24071
194.0	9.22535
194.2	9.23604
194.4	9.21111
194.6	9.20332
194.8	9.17985
195.0	9.16810
195.2	9.19335
195.4	9.17592
195.6	9.17837
195.8	9.13592
196.0	9.18410
196.2	9.14690
196.4	9.14937
196.6	9.13178
196.8	9.13830
197.0	9.15342
197.2	9.14074
197.4	9.08458
197.6	9.09175
197.8	9.09465
198.0	9.10296
198.2	9.10022
198.4	9.09502
198.6	9.06851
198.8	9.09565
199.0	9.06206
199.2	9.07396
199.4	9.05663
199.6	9.04401
199.8	9.04327
200.0	9.02169
200.2	9.00820
200.4	9.01598
200.6	9.02775
200.8	9.01277
201.0	8.98930
201.2	8.99905
201.4	8.96282
201.6	8.96772
201.8	8.96793
202.0	8.96627
202.2	8.93934
202.4	8.97051
202.6	8.94758
202.8	8.94912
203.0	8.94632
203.2	8.93298
203.4	8.93353
203.6	8.92873
203.8	8.91975
204.0	8.91534
204.2	8.87369
204.4	8.88517
204.6	8.90713
204.8	8.85725
205.0	8.90562
205.2	8.87427
205.4	8.87183
205.6	8.86601
205.8	8.87538
206.0	8.83530
206.2	8.85106
206.4	8.83406
206.6	8.84329
206.8	8.83376
207.0	8.82258
207.2	8.83576
207.4	8.78307
207.6	8.80844
207.8	8.78514
208.0	8.76876
208.2	8.77844
208.4	8.76478
208.6	8.77560
208.8	8.77634
209.0	8.75844
209.2	8.77750
209.4	8.75638
209.6	8.74431
209.8	8.74558
210.0	8.70297
210.2	8.76332
210.4	8.73802
210.6	8.73203
210.8	8.70995
211.0	8.70619
211.2	8.68093
211.4	8.72132
211.6	8.66413
211.8	8.66830
212.0	8.66111
212.2	8.66043
212.4	8.66293
212.6	8.63557
212.8	8.60895
213.0	8.65065
213.2	8.69024
213.4	8.09449
213.6	2.75731
213.8	9.62638
214.0	8.72935
214.2	8.58782
214.4	8.23988
214.6	8.69758
214.8	8.52393
215.0	8.29235
215.2	6.02429
215.4	5.84823
215.6	5.57518
215.8	4.89673
216.0	5.66608
216.2	5.59884
216.4	5.70527
216.6	2.48755
216.8	6.16923
217.0	6.09089
217.2	5.84524
217.4	5.74136
217.6	5.66046
217.8	5.68194
218.0	5.68156
218.2	5.69275
218.4	5.68068
218.6	5.66472
218.8	5.69251
219.0	5.69646
219.2	5.69385
219.4	5.71141
219.6	5.72213
219.8	5.69491
220.0	5.66898
220.2	5.68748
220.4	5.68042
220.6	5.68647
220.8	5.67819
221.0	5.67917
221.2	5.67252
221.4	5.67672
221.6	5.68268
221.8	5.66669
222.0	5.68563
222.2	5.67361
222.4	5.69481
222.6	5.66970
222.8	5.66710
223.0	5.67691
223.2	5.65772
223.4	5.68999
223.6	5.68689
223.8	5.70732
224.0	5.66432
224.2	5.69564
224.4	5.64517
224.6	5.67241
224.8	5.67478
225.0	5.64677
225.2	5.67750
225.4	5.64758
225.6	5.65476
225.8	5.67387
226.0	5.62807
226.2	5.69822
226.4	5.67441
226.6	5.67128
226.8	5.68858
227.0	5.64051
227.2	5.66592
227.4	5.65177
227.6	5.67450
227.8	5.66272
228.0	5.67222
228.2	5.67660
228.4	5.66446
228.6	5.70092
228.8	5.67004
229.0	5.66674
229.2	5.66462

